1 25143 25266 25133 24986
2 25143 21707 24200
3 25326 25346 25266 24347
4 25219 25349 25346 24250
5 25282 25306 24943 24990
6 20302 25346 24295
7 23234 21543 25346 25098
8 23479 23875 20025 23192
9 22552 24958 25292 24107
10 25287 20025 24952 24321
11 25255 25337 24239 25316
12 20025 23488 24894 24728
13 23775 25230 25256 25260
14 24943 20025 24990 24474
15 20025 24683 24665 25229
16 24474 23482 23747 25271
17 24663 25062 25247
18 24200 24670 22419 25256
19 23850 20025 24369 24943
20 24234 20025 24964 24943
21 24596 20025 25097 22957
22 20967 25318 24124
23 25101 25148 25144 25313
24 25308 25175 24602 22963
25 25253 23192 20025 25262
26 20025 22997 23875 24250
27 24927 23502 22755 24918
28 23192 20025 24239 25291
29 25341 25264 23524 25337
30 24755 24917 24034 20994
31 24943 24913 24760 24963
32 24475 23596 23773 21304
33 24295 22536 25282 20025
34 24000 25267 20025 21533
35 23884 24207 23463 25356
36 23773 24894 20025
37 25356 24041 23796 20025
38 25252 25254 23790 25347
39 25252 21369 24670 25254
40 24353 24986 24107 24964
41 25347 20258 25148
42 25287 23045 25314 24913
43 20381 24239 20259
44 25121 20305
45 23506 24119 23315 24553
46 21543 20259 20519 20299
47 20064 25218 20079
48 24555 23524 24665
49 25314 24810 25097
50 24553 25079 25305 24000
51 23751 25249 23854 20025
52 20097 23798 25268 24478
53 24107 20025 23234 24917
54 25300 25357 20025 23192
55 20522 20259 24665 22536
56 24288 24553 20259
57 24234 25097 20314 20302
58 20259 25133 23594
59 20025 25279 25218 23773
60 25249 24551 20064
61 20258 23315 24119
62 24546 24917 24015 24669
63 23727 20025 24607
64 20300 25270
65 20126 20025 24547 25099
66 20300 24552
67 20259 20079 24234 25305
68 25238 22537 25097 24555
69 25356 20314 24234 20301
70 20097 24553 24607 25282
71 20025 23875 25129 24554
72 23322 23550 23727
73 23550 20518 20025 24645
74 25218 20025 21304 23572
75 20314 24107 23594 23315
76 20065 20258 24555
77 24034 20874 24917 20025
78 25321 25305 24234 24368
79 24607 25079 23500 24015
80 23875 20025 23535 24107
81 25079 23500 20258 21369
82 24903 25098 25321 20025
83 24755 25279 24552 21369
84 20258 20065 20305 20519
85 20259 24234 21543
86 20304 20025
87 20258 21543 23797 20025
88 23751 22455 20080 20523
89 24833 25269 24200
90 20258 24913 23234 25221
91 24547 24833 20258 25148
92 20097 25290 23798
93 23550 20355 24760
94 21543 20258 25248 24034
95 24016 20575 24546
96 25108
97 25079 24627 20668
98 24356 25334 25221 25144
99 23315 25269
100 25299 25221 25098 23084
101 24938 24645 24234
102 25113 20097 24553 20025
103 21707 25038 24341 25284
104 21707 23550 24250 23524
105 22994 24341 21707 25357
106 23943 24239 25292 21707
107 25337 23550 21707 25341
108 25339 25272 21707 25337
109 25307 23790 25252 23529
110 21707 25328 23045 24987
111 25229 23989 25337 23529
112 20967 24670 21707 25314
113 25144 25133 25219 24881
114 21707 23263 23264
115 25004 21707 24631 25304
116 24250 21707 24408
117 25145 24964 24760 25144
118 25307 23875 24016 24015
119 21707 25144 20305
120 25079 21707 24250 24669
121 24760 24126 23045 21707
122 21533 24111 25351 23529
123 23045 24518 23506 20228
124 24250 23045 24120 23264
125 23894 24347 25247 25246
126 24347 23045 22834 25272
127 23535 23446 23894 23045
128 25039 25269 20486 23875
129 23045 25269 25039 23884
130 23045 22834 25269
131 24192 22023 22896 25242
132 24963 25272 24898 25062
133 24631 25062 25276 23045
134 23462 22993 24760 24963
135 25063 23727 20522 25144
136 24926 25108 24918 20663
137 23045 24964 25273 25329
138 23875 25273 24760 23045
139 25337 25343 20994 24607
140 20314 24964 20303 23609
141 23790 24901 20874 24917
142 24760 24547 25144 23045
143 20302 20097 24901 20575
144 23045 20046 24547 23943
145 23045 25249 23797 23875
146 24250 23263 25314
147 24474 24894 23192 24987
148 23596 25113 24684 24593
149 24321 23506 25285 23264
150 25272 25329 25063 23524
151 25269 23482 23369 25113
152 24953 24987 25338 25307
153 25338 25229 24593 23524
154 25282 25339 24785 23524
155 23884 25064 23524 25079
156 23757 23369 23482 25286
157 25000 25148 20047 23286
158 25272 23854 25159 25144
159 21727 20227 25307 20226
160 23609 25039 25221 23524
161 24670 23524 25252 25359
162 24124 25271 25148 20967
163 23207 25299 20519 23524
164 20428 23798 23524 25263
165 21727 23524 24198 24126
166 25359 24913 23524 24777
167 20047 23524 24490 25113
168 25221 24107 25134 24665
169 23569 24107 25299 23881
170 24034 23821 24041 22536
171 21037 23609 25100 24630
172 20258 25314 23524 25099
173 20006 20524 25314 23524
174 23524 25175 23797 25262
175 24551 23881 23524 25129
176 23529 24607 25272 24990
177 23875 25341 25064 25339
178 23529 25242 23034 23894
179 22021 20079 23529 23446
180 23529 23572 24015 24372
181 24368 20046 25111 24015
182 24607 20065 20258 23529
183 24401 25175 23278 24593
184 23875 23884 20228 25272
185 25145 24321 23757 24476
186 23875 24332 24755 22957
187 23798 24521 24602 24913
188 25273 25063 24478 25300
189 24490 25229 23875 22724
190 23875 25307 24734 25258
191 23875 23775 24192 25287
192 24927 24928 23875 25106
193 24038 24990 25333 22994
194 23875 24295 25314
195 25097 20047 23192 23751
196 25171 24071 20065 24913
197 24004 21933 23989 25144
198 24918 25039 25144 23875
199 24630 25099 23875 21304
200 24755 20079 25221 22455
201 23192 20047 22536 23875
202 23875 24551 20047 25039
203 24521 24546 25268 25096
204 25355 24900 24554 24669
205 25270 20518 22537 23875
206 21543 23884 25229 23875
207 24813 25108 25129
208 24098 25221 25279 23884
209 24901 23875 24547 22455
210 23463 23875 25108 23569
211 20301 24669 23875
212 23875 24926 23550 25108
213 23875 25248 23943
214 24558 23875 24547 24000
215 25248 23875 25290 24490
216 24000 20305 24234 23875
217 24728 23479 23854 24490
218 23207 23815 25306 22997
219 24120 24602 25345 22724
220 24943 25338 25184 25348
221 24760 23595 25314 24250
222 25343 25229 25039 25336
223 25288 25229 24474 24683
224 24917 25184 24627 23775
225 24505 24760 25256 25255
226 23192 20258 24987 25322
227 25229 24950 22021 24332
228 25314 25229 20988 24932
229 23086 25308 24372 20301
230 24813 22421 24669 25273
231 20486 24593 25307 24927
232 24990 24321 24836 24755
233 25307 24627 20304 23488
234 25332 23821 23192 24474
235 25307 25328 20174 25313
236 23369 24225 24341 24227
237 23775 25325 20486 25307
238 25282 24000 25287 25307
239 25246 25247 24990 25242
240 23937 24321 24755 24448
241 25308 25145 25338 21543
242 23207 24321 22994 22755
243 25272 25185 25338 25145
244 24894 25307 20486 23488
245 24894 24015
246 25307 25300 25039 24987
247 25307 22835 25217 20174
248 24401 23502 25284 23506
249 23506 22835 23747 24820
250 25307 24607 20151 25216
251 23285 25266 25307 24353
252 24986 25269 25079 25039
253 24593 25307 24417 21933
254 25347 24519 25325 20967
255 25000 25307 20151 20079
256 23369 23569 24917 25133
257 25100 22957 25225 24607
258 25039 25349 23444
259 25307 20224 22419 22896
260 25273 25244 25272 25062
261 22995 23796 24034 24602
262 23502 24927 25271 25148
263 24964 24913 25273
264 24593 25307 25147 24990
265 25307 25345 20575 20227
266 25272 25273 24964 25345
267 22827 25218 25145 25307
268 23502 24295 23871 20258
269 25253 24990
270 25337 25343 25300 20967
271 24000 25307 23884 25270
272 23798 25335 25334 25269
273 25307 25113 25299 23314
274 23237 23234 24234 24918
275 25341 20126
276 24673 25318 25236 24690
277 23237 24918
278 24755 23751 25269 25308
279 25267 25307 23765
280 24913 22827 24555 25307
281 25144 23943 25039 24913
282 23595 24665 24810 20305
283 20301 25282 24630 20314
284 25266 23884 25356 20259
285 24417 25329
286 25216 24000 20300
287 25266 21543 25270
288 25334 25269 25099 24521
289 23506 25304 25133 20169
290 20291 24732 25314 24474
291 24734 22834 25314 25064
292 25305 24490 25326 24474
293 25326 25277 20486 24288
294 22724 20291 24225 25300
295 24755 24321 25285 25318
296 25261 22509 25314 22834
297 25108 25314 25112 20304
298 21933 23775 24288 23277
299 25287 24833 24952 24903
300 24932 25288 25326 24597
301 24932 25321 23773 22536
302 24918 22993 25350 25287
303 25039 23821 24918 24107
304 25314 23237 25268 23500
305 25268 25079 24734 24107
306 24833 22957 24810 25305
307 24901 21037 25314 24669
308 23087 25314 25321 25106
309 20304 24917 24000 25314
310 21369 25314 25133
311 23773 23609 25314 22455
312 25221 23797 25314 24547
313 25269 25314
314 20291 25314 21304
315 25314
316 25314 20524 25334
317 25338 25326 25344 24518
318 25338 24683 23506 22198
319 24071 25338 22460
320 23500 25291 20988 23757
321 25338 23278 23285 25246
322 24913 22997 24227 20046
323 23237 22455 25338 24927
324 24986 25338 21537 25357
325 25338 24321 25092 25329
326 25316 25234 25291 25338
327 24478 24518 25336 24225
328 24041 25306 24836 23550
329 25255
330 24986 25097 24353 25218
331 24417 25210 25108 24777
332 23502 24490 22835 24369
333 24478 23757 22827 22997
334 20988 25062
335 24777 25341 25340 20063
336 25349 25328 25293 24958
337 23844 23530 22536 20988
338 25328 25349 22994
339 24514 25112 25287 25111
340 22994 25287 24990 20428
341 25321 20994 24071 24000
342 25287 25342 25268 25328
343 24665 23792 25263 24777
344 25098 24288 25284 25111
345 25063 24238 24898 24272
346 24272 25304 24295 24369
347 24417 25228 24918 24880
348 23446 23896 24880
349 24684 24272 23871
350 25356 25111 20994 22957
351 20428 20518 24272
352 20225 25279 24880 24671
353 25221 25112 24553 24272
354 23797 24552 20291 24669
355 24272 23234 25249 20258
356 23757 25315 24321 24476
357 20047 25347 25148 23234
358 24408 24903 25222 25221
359 20314 20064 25341 24408
360 25343 25340 24408 24627
361 24777 25357 24927 24341
362 24631 25121 25210 25344
363 25316 20523 24631 25004
364 24631 23765 24596 23821
365 25111 24596 24474 24777
366 23234 24926 23821 24927
367 23482 24631 24295
368 20967 24631 25148 24295
369 23943 23773 24631 25210
370 23757 25279 25350 23234
371 24684 24631 21727 23287
372 23192 24631 25097 25106
373 24880 20663 24521 20518
374 20142 24880 24665
375 22023 23894 25100 25225
376 25285 25284 24777 25101
377 25004 25097 20522 25100
378 25038 25225 25210 25108
379 24597 25272 24903 22537
380 24926 24107 25210 25290
381 22198 21344 20006 24728
382 25344 23314 25145 25092
383 25333 25308 20022 20006
384 25284 20006 22997 25308
385 24372 25268 20006 25308
386 21543 23596 24372 20006
387 20065 20006 24926 25353
388 24372 22993 23207 24038
389 25308 24671 20178 23871
390 24673 23871 25113 23595
391 25308 25218 20006 23747
392 22957 24630 20006
393 24760 25272 22198 20022
394 20291 24474 24597 24894
395 24476 20291 25358 24474
396 25308 24943 23572 24881
397 25344 21344 21537 24979
398 25280 23550 23572 23609
399 24372 23937 21344
400 21344 21537 24836 24881
401 24227 24881 25344 25333
402 25129 21344 24206 24208
403 24372 25344 24221 24038
404 21344 20174 25285
405 24881 24958 25344 24602
406 23463 23609 24943 23319
407 23757 25112 25290 21933
408 25133 23550 25302 24341
409 25175 22835 24234
410 24899 20302 23445
411 24192 21543 23444 24932
412 25333 24881 24917 24664
413 24664 23798 25292 22994
414 20079 25111 24198 25271
415 24732 24943 25258 20065
416 25321 22957 23798 25101
417 25175 25249 20063 20258
418 25262 24669 24663 25341
419 23192 25175 23773 20381
420 25359 24475 20178 25253
421 25079 25133 24833 24902
422 24119 21533 24554 24900
423 25351 24234 24034 25270
424 21533 24833 25279 24234
425 21533 20299 23087 24833
426 25099 21533 20046 23500
427 23765 21543 20065 21533
428 21533 20874 24917 25212
429 20303 21533 23535 23315
430 24034 23881 21533 20258
431 24547 25341
432 21533 25144 25341 25300
433 21533 20064 20259 23319
434 24016 20046 21533
435 21533 24903 24813 24234
436 23087 25100 25098 25222
437 23790
438 20575 23512 24554 23462
439 20151 22536
440 20668
441 25249 20524 25356 23479
442 23319 25268 24552 20576
443 22536 24650
444 24475 21537 24347 24902
445 25217 24115 21543 21037
446 24063 20314 23506 24247
447 24474 25290 23502 24596
448 23279 24119 25341 23596
449 22755 22994 24004 21543
450 21543 21369 20988 25304
451 25308 25350 23109 25175
452 24932 25313 20874 21543
453 24928 23518 23506 25305
454 20355 20663 24208 25213
455 25342 25333 25340 21543
456 22455 25270 24810 21543
457 21543 20126 24368 24111
458 22827 24119 24937 24671
459 20099 25133 24115 21543
460 21543 25321 23087 25305
461 22455 24552 20080 25341
462 25248 24760 21543 22455
463 21543 25270 22826 23797
464 24547 21543
465 21543 24777 23727
466 20519 25099 23234 21543
467 25315 25300 20486 24478
468 25217 23488 22835 20486
469 25144 22896 25242 24898
470 22198 24295 20304 24521
471 24063 25316 21933 25315
472 23569 23011 24684 25228
473 25184 24198 23011 23488
474 25272 23569 24963 24372
475 24894 24372 23572 23237
476 23569 20303 23572 20428
477 23572 23569 25333 23792
478 25099 23569 25097
479 21369 25333 24550 23569
480 23751 23234 23569 25129
481 25313 24239 24119 23506
482 24990 24683 20486 24943
483 23322 23506 23502 23482
484 22835 24928 25184 25092
485 24881 25217 25148 25304
486 25284 23132 25325 24777
487 25038 20300 25092 25145
488 23572 25325 24519 25285
489 24372 24898 25242 25333
490 24558 25300 23572 23796
491 23572 25333 23462 24927
492 25333 24926 24918 23572
493 23796 23792 22993 23572
494 22995 25350 22994 24369
495 23796 24913 24964 22994
496 25221 20994 20099 20259
497 24551 23535 24607 24200
498 20302 25355 23572 25285
499 25334 25269 23572 25335
500 23572 23765 20097 25300
501 25305 23751 23572
502 24671 23550 23572 25236
503 25299 20048 22724 23232
504 23572 24552 25355 25304
505 23907 23894 24663 25264
506 20079 23907 24734 24475
507 24041 23798 24833 23907
508 25357 24926 23518 24247
509 25133 24627 25287 24372
510 25039 24833 24986 24107
511 22995 20668 22993 23797
512 23086 24372 24490
513 23322 25175 24684 24894
514 24683 25111 25302 25284
515 24927 23506 23237 22957
516 24900 24964 25351 24760
517 23609 24728 25248 24900
518 24015 23797 24607 20048
519 24728 25238 23747 25101
520 25321 24728 24015 20519
521 20302 24728 21037
522 24728 24490 20048
523 24321 24476 24974 24755
524 24734 25318
525 23512 25000 22963 22827
526 24881 25326 20486 25339
527 25316 24881 25308 25315
528 24401 23369 24881 23319
529 24881 23937 22834 23775
530 24663 23775 23781 24881
531 23513 25254 24691 23512
532 24952 25096 24514 24881
533 25339 23488 25337 24881
534 20224 25342 24063 23518
535 22995 25358 25350 22755
536 23896 24192
537 25336 24663 23871 24356
538 25258 25337
539 22993 24038 23797 23796
540 25111 25325 25100 25342
541 20064 23790 24918
542 20047 25347 25148
543 24016 23535 24015 22957
544 25290 25129 24593 25097
545 24552 21369 25270 24670
546 20291 24417 23881 25285
547 23462 20575 24608 24332
548 20258 20299 20080 24478
549 24937 24630 21727 24902
550 24650 25106 23534
551 25285 23287 25345 24979
552 25268 25269 22755 24663
553 24711 25272 25245
554 25063 24943 25175 25308
555 25308 25329 24015 25062
556 24913 24963 20967 23482
557 25228 22550 23782 23797
558 25321 25300 24669 24810
559 23234 20097 20079 23609
560 25329 23765 24760
561 23535 23322 25341 21037
562 23315 25221 24645 25270
563 25333 24502 22994 25133
564 24502 22755 23815 24221
565 24894 25334 24755 25217
566 25259 24734 25343
567 20518 23285 25341 20523
568 24777 25322 25234 25225
569 25259 20064 24192
570 20304 25256 20063 25260
571 24192 25252 20063
572 20518 25244 25253 25242
573 24602 23796 22994 23207
574 20227 24671 25260 22536
575 20063 22963 23479 25263
576 23821 25321 25355 20065
577 25129 20064 25263 24943
578 25263 20063 23782 20097
579 25287 20048 20063 23506
580 20064 24004 24476 20522
581 24900 20063 25340 25342
582 25340 25337 20063
583 20063 23479 23087
584 20063 20522 22957 24015
585 24900 24665 20259
586 24630 20063 25258 20668
587 20063 24554
588 20126 24551 20063 24669
589 24546 23232 20314 20519
590 21037 20064 20259 23797
591 20291 25129 20063 24665
592 20151 20063 23479 24234
593 25287 24665 20523 20097
594 25216 25099 20065 25097
595 23854 20259 23506 20064
596 23087 20259 20314 24665
597 23594 23234 24665
598 25253 24810 20522 22827
599 23594 20303
600 23319 20301 23798
601 25258 24547 20522 21304
602 24813 23765 20258 24016
603 20522 24760 25264
604 20097 23500
605 24553 20151 25305 20064
606 20300 23237 20314 20064
607 24760 20259 24812
608 23989 23087
609 24813 21037
610 20575 20097 20064
611 24913 25171
612 24552 20080 23989
613 20519 24671 20303
614 20258 23790 20518
615 25221 25097 20302 20064
616 20519 20258 20874 23884
617 20126 20258 20518
618 20259
619 24555 23234
620 22826 20291 20874 23315
621 21727 20228 23609 21037
622 25254 25256 23315
623 20518 24016 23279 24015
624 20227 20226 21727 20065
625 25269 24607 20064
626 20300 20064 20048 20080
627 24813 23609 20065
628 20046 20519 25222
629 24903 25236 24596 24683
630 25258 21037 20065 23609
631 20381 20299 25267 20065
632 25269 25268 24356 24943
633 24900 25337 23775 20097
634 25262 20259 20065 24900
635 20065 24016 20305 23790
636 24551 22455 20522
637 20522 23773 20080
638 25321 20258 23087 23609
639 21727 20079 20065 24546
640 20079 25079 20522 20126
641 22755 24900 25290 23790
642 20259 24901 20300
643 25259 20291 24368
644 20301 20575 20523
645 20576 24552 23989 20523
646 23790 23594 20126 25221
647 25218 23609 25358
648 24555 20080 20524 25098
649 25248 20523 20874
650 20523 24936 22755
651 20258 20524 25099 25098
652 24551 23287 23232 20668
653 25101 20524 25331
654 24332 24519 23480 20518
655 20224 23234
656 24900 23444 20524
657 24368 20519 20994 25000
658 20304 23237 25253 20518
659 23797 23535 24555 20518
660 24913 23500 20522 25220
661 20518 20099 25268 22536
662 24669 24546 20518 24917
663 20080 23594 24645 20518
664 20518 20300 24098 24356
665 20519 22537
666 25342 24368 20519 20259
667 25097 20151 25305 24902
668 25221 20519 25098 23765
669 25287 20522 24663 20178
670 25262 20523 20258
671 23192 23751 20523 20079
672 25268 20522 25263 23609
673 25259 23765 23594
674 20663 24670 24593 25299
675 20575 20522 23790
676 20097 22536 25321 20522
677 20576 24329 25351 20524
678 23727 20524 20575 24901
679 23488 20486 22835 24597
680 20523 20230 20126
681 20151 25096 23502 24901
682 20151 24665 20524 24329
683 24593 25253 23594 20552
684 22455 20523 24119 24810
685 24917 24900 20303 24554
686 24551 25336 24901 20097
687 20126 20523 24546
688 24015 21037 25249 23854
689 20523 24938 25279 24607
690 20080 22993 23796 20523
691 20524 25106 24760 22827
692 21037 20523 23234 24111
693 25248 24901 23462 20524
694 23773 23790 20524 24943
695 20080 23084 24107 20524
696 25248 24901 24553 23322
697 25063 24899 25243 25242
698 25247 23894 25063 25242
699 24518 22896 24111 22021
700 24899 25242 25341 22021
701 23894 20097 25252 25242
702 25244 24898 25062 25242
703 24476 22021 24321 24990
704 23894 22023 25254
705 24192 23896 23500 23446
706 25063 22896 24393 25336
707 24665 22896 20224 25252
708 25252 22021 25354 24192
709 22021 24475 25272
710 24943 25063 22021 25272
711 22021 20305 25252
712 20663 24732 20258 22023
713 22896 25247 22023 25063
714 25064 24518 25246 25243
715 22896 22023 25062 24899
716 22023 21727 20303 25184
717 20299 22023
718 25253 22023 20046
719 23727 25258 22023
720 25242 25361 25246 22460
721 22896 25280 24732 20291
722 22896 24786 25268 23315
723 23613 25246 21727 22896
724 24321 25242 24899 24990
725 25243 25242 25064 25247
726 25336 25230 22896 25192
727 24518 25242 22896 23798
728 25064 23894 25318 22963
729 25246 25325 24519 25039
730 25260 22896 23613
731 22896 24238 23790 24071
732 25247 22896 25064 25242
733 25293 25292
734 24899 22896 20126 25242
735 24918 24234 24760 24478
736 25261 22896 23315 23953
737 25245 24393 23530 25064
738 25337 22896 25345 25064
739 24593 24894 20551 22896
740 24401 23446 24192 22896
741 25339 22896 25340 25336
742 23894 22896 25254 24238
743 24943 25290 24321 24990
744 20302 25254 23535 25336
745 25242 24627 25341 24898
746 25247 25252 22896 24898
747 25242 20303 24665 24898
748 24393 23322 22896 25254
749 25242 25254 23894 22896
750 25341 22896 24684 25256
751 23751 20551 25253 22896
752 25253 22896 20097 25148
753 24393 25262 25062 22896
754 25255 22896 20224 20225
755 25336 25337 20381
756 24669 24670 20097 22896
757 25263 25252 24732 24393
758 20178 25262 23896
759 25342 24393 24665
760 25129 23765 25356
761 22419 20259 24734 24937
762 25343 25336 23773 20381
763 25255 23790 25359 20227
764 24065 25302 24234 24332
765 25129 25184 24038 23815
766 24239 24777 23596 23550
767 24295 24953 23550 20486
768 25106 23550 20486 22834
769 25318 24690 25269 23943
770 23815 24596 24341 25350
771 23796 24664 24071 24369
772 20079 23550 20967
773 24111 23854 24016 25263
774 23790 23550 25354
775 23192 25038 23550 22724
776 25039 20259 25113 24777
777 23596 23550 23192
778 24917 23550 20314 24607
779 24546 21037 20046 20874
780 24000 23550 23534 24810
781 20178 24518 25243 24899
782 24663 25062 25267 24913
783 25245 25244 25092 23894
784 24015 23609 23894 22957
785 23937 23894 20274
786 25343 25339 23896 25341
787 23894 24665 24683
788 25062 24898 25242 23894
789 25357 24663 23896
790 25063 23896 24393 24937
791 25359 23446 20126 23896
792 23192 20576 23896 23773
793 23896 23446 25258 24665
794 23446 24329 23896
795 23896 25248 23446 20291
796 25247 25258 24136 25243
797 23896 25336 25242 25246
798 25245 25039 24899 25272
799 25175 25342 25246 25242
800 25339 25064 25242 25341
801 25184 25247 23596 25242
802 22994 25063 25242 24393
803 24899 25242 25256 24732
804 24393 24963 24760
805 24902 24519 23989 25182
806 20299 24928 25286 24476
807 23285 24596 22827
808 24596 23628 25340 24514
809 24341 24597 24401
810 21229 24596 20099 20097
811 24111 23285 25234 24593
812 24597 25286 25224 23132
813 22550 24597 24785 25234
814 24502 24225 24341 24227
815 25234 23207 24221 24041
816 20259 25236 24952 24938
817 22834 24597 25325 25113
818 22995 24502 24596 24953
819 24596 25287 20174 24192
820 24126 23369 25147 23011
821 20151 24596 24785 24986
822 20291 24990 24200 25285
823 25325 25111 25284 25322
824 24650 25218 24602 24903
825 24034 24597 23798 23462
826 24200 24192 25348 25218
827 25234 24596 24902 23444
828 24198 24691 24521 25271
829 24932 25291 25228 24596
830 24521 25238 24963 23480
831 25216 24927 20048 23237
832 20291 22537 24963 23751
833 24596 23796 24016 20291
834 24894 24987 23444 24596
835 20291
836 25353 25213 24833
837 24239 24963 24958 23844
838 24987 20047
839 24192 24963 21369 24353
840 23286 24927 24417 25304
841 23594 25112 24597 25121
842 25108 25098 24903 20303
843 23482 24894 24986 23011
844 25223 23011 25039 25347
845 24448 20381 23773 25300
846 25292 25101 20151 25291
847 20967 23011 21727
848 24356 23989 25039 23773
849 21037 22755 22995 24332
850 23773 20302 24918 24894
851 20428 23798 22993 23796
852 23844 20988 24926 24903
853 22993 22997
854 24918 23237 24295 25101
855 23798 25144 24041 22997
856 22755 25349 25133 20428
857 25129 25353 23884 24208
858 25282 25101 25222 25113
859 23595 25175 23798
860 20300 25305 20314 23084
861 20047 23609
862 20994 24368
863 20151 23315 20994 25097
864 24552 25305 23500 25356
865 20381 23790 24650
866 23854 20874 25351
867 23797 25218 25280 22994
868 25285 23765 23727
869 24913 25108 23287 25321
870 25221 24552 20258 22536
871 23751 20300 25106 23232
872 25099 23500 21369 25285
873 25221 21369 20258 23083
874 24627 24554 25267
875 25098 25222 20314 23087
876 24833 25266
877 24490 20874 25270 21037
878 25099 20046 20151
879 20314
880 25101 24000 25221 20668
881 23488 24902 24597 20097
882 22995 24332 25234 24041
883 25217 23488 25063 23702
884 25217 25148 23482 24902
885 24936 24671 24597 23488
886 25284 25121 23884 24820
887 24353 24597 21566 24206
888 24990 24321 25316 24683
889 25271 25236 24519 23488
890 24673 22963 24902 23512
891 24902 24239 25290 24958
892 24607 24124 24015 24519
893 22835 24107 24953 24894
894 25101 25112 25225 24597
895 25321 24894 24597
896 24115 24597 23109 25228
897 22993 20994 23796 24368
898 25325 24417 25100 25039
899 20663 22993 25097 24329
900 25101 25225 25313 25282
901 25106 24810
902 22827 24665 24555 25287
903 24555 25171 24368 22536
904 20126 24670 24546
905 25222 25113 24670
906 24107 23500 24607 23479
907 24630 24669 24490 25222
908 24833
909 24926 24000 24554
910 23850 20126 24553
911 20314 23087 25079
912 25337 25242 25064 24898
913 24926 25079 25064 24732
914 23854 25256 22957 24917
915 24898 23790 25247 24732
916 25064 24732 25337 25242
917 25254 24732 20302 24899
918 24098 24663 24353 23850
919 22419 24732 21933
920 23854 20305 25259 23535
921 24732 25279 25264 22536
922 20079 20299 23594 24732
923 24732 25253 25262 23790
924 25248 24937 23773 21369
925 24732 22537 25263 20258
926 24602 24734 25279 24899
927 25315 25256 24321 25287
928 25245 25282 24734 24899
929 24734 25147 24898
930 25336 25293 25292 23500
931 25262 24734 20178 24684
932 25219 24734 23989
933 20299 20178 24663 20575
934 25259 24734 24833
935 25339 24899 25343 25337
936 23613 25255
937 24899 24476 24321 24401
938 24899 25242 25039 23322
939 23775 25272 24898 25287
940 25242 21933 25282 24898
941 25144 25337 25341 24899
942 24192 24898 24119 25252
943 25242 24898 25247 25292
944 20259 25262 25144
945 25062 24987 20314 25282
946 20302
947 20258 24990 24900 23790
948 25254 20303 25341
949 24107 25342 24288 25000
950 25341 25249 23192 23797
951 24990 25129 23192 23884
952 24627 20079
953 25337 25342 25263 23773
954 23278
955 25279 25258
956 23821
957 23765 24558 25269
958 24833
959 24192 23278 24974 23285
960 24356 24650 23462 24000
961 20224 20225 20151 24627
962 23747 20355 24900 21037
963 23500 25305 24900 25321
964 24900 20303 24630 24964
965 22536 25129 24476 20258
966 23854 23790 22827 24901
967 23595 20300 24917 24900
968 23751 25175 24833 22455
969 20097 24901
970 24554 24901 25248
971 21037 24038 22755 24901
972 23479 24901 24546 25248
973 24901 20668
974 24903 25213 24221
975 22835 24903 24963 24691
976 24200 24903 25218 25219
977 25279 24554 22827 25270
978 24519 25112 24963 25101
979 24192 24903 23277 24650
980 25322 25062 25121 25284
981 25302 24918 20151 25062
982 25299 23369 20663 24593
983 25144 25264 25337 24490
984 25254 25263
985 25144 25159
986 25039 23234 25359
987 25063 25272 25273 22994
988 25064 24932 25291 24239
989 25313 24932 25291 25064
990 25245 25064 25253 25337
991 20299 25261 24670 23613
992 25263 23815 24038 25254
993 20259 25337 25359
994 25258 20225 24234 25341
995 25258 23530
996 25354 20225 23854 20097
997 24953 25092 25145 25272
998 25273 25092 25269 25274
999 24015 23232 20151 25249
1000 25246 25261 23615 24943
1001 25339 20994 23884 20151
1002 25248 25222 25306
1003 24665 20079 22537 24554
1004 24917 25266 20079 24630
1005 25248 24551 25266 20259
1006 24810 23884 20258 20080
1007 24645 20080
1008 25270 25221 20259 24593
1009 25248
1010 24555 25248 20302 20258
1011 20080 23757 24353
1012 20080 24673 23871 24663
1013 20575 25099 23821 25216
1014 21727 20552 23535 20080
1015 23500 20080 23232 24551
1016 23765 25290 23854 24016
1017 20304 23237 25184 20575
1018 23773 20575 25218
1019 23234 20576 25284 25322
1020 20576 24016 24015 20227
1021 20575 24234 23234 25218
1022 24810 20575 24937
1023 25341 23315 20575
1024 20381 25134 22421
1025 23615 25305 25260
1026 22834 23613 23609 23234
1027 25112 23613 23192 24474
1028 25260 20291 25256 25184
1029 25254 25181 24684 23953
1030 23463 25260 25358 23953
1031 20304 25249 21727 20552
1032 25256 24987 24894 24665
1033 25253 25256 25254
1034 25252 24943 24990 20225
1035 20227 25342 25252 20663
1036 25359 24065 25253
1037 20303 25252 24943 25354
1038 20994 25342 25259 24071
1039 20225 25253 23989 24990
1040 23871 24937 24684 25258
1041 23087
1042 25293 24958 24065 23530
1043 25254 20381 24665 25290
1044 25305 24671 20226 25255
1045 24684 23871 25181 25256
1046 25288 25330 25340 24288
1047 25264 25256 23751 25315
1048 24990 24602 25256 23775
1049 24004 24329 25351 25299
1050 22993 25129 25356 25258
1051 24669 24918 25258 24607
1052 25258 24546 24669 24234
1053 24810 20291 25259 20259
1054 25356 25354 21037 23609
1055 23011 25264 25285 23287
1056 24295 24124 20967 25263
1057 25263 25039 24670 24490
1058 20225 25262 23192 20227
1059 24041 24630 23798 25263
1060 25263 24015 23747
1061 25331 24932 25336 23530
1062 23369 25347 23482 22835
1063 25113 24593 24490 23369
1064 23314 22724 23369 23319
1065 22963 22834 23512 25181
1066 23502 23775 24234 24192
1067 24221 23369 23798
1068 23775 25272 25269 25218
1069 24107 24192 23369 20381
1070 23506 24126 24111 24918
1071 24124 23881 20967 24760
1072 24630 23881 20314
1073 24669 20047 20048 23881
1074 25038 25351 23881 24329
1075 25181 24663 24690 20178
1076 25147 24943 25282 24111
1077 23596 24111 24987 25148
1078 23482 23286 24111 25096
1079 25184 24107 25305 22455
1080 25097 25113 24321 20291
1081 20381 24111 20967 23011
1082 24894 24111 24593 25147
1083 23481 24593 24111 24943
1084 24295 24111 20314 25335
1085 24295 24593 23595 24111
1086 23479 20552 23595 20227
1087 24111 24917 20301 20178
1088 20314 24111 25299
1089 24111 24417 20259
1090 20151 24111
1091 22537 25279 25079 25321
1092 24111 25305 24833
1093 24552 24111
1094 24124 25271 24126 23482
1095 20226 24126 20178 20227
1096 25112 25329 25100 25111
1097 24126 25113 25322 24593
1098 25100 25223 25284 24126
1099 20047 25300 25148 25358
1100 20048 25299 24126 25321
1101 24786 24593 24000 23444
1102 24691 23322 22835 24593
1103 22957 23535 24593 21229
1104 24321 20486 24518 24943
1105 25357 20486 24593 21933
1106 24593 25313 25148
1107 23513 23514 24347 24593
1108 24928 24474 23596 23609
1109 25336 24593 24227 24518
1110 25313 24593 21933 23237
1111 24124 25147 24321 20048
1112 25269 25184 20226 24593
1113 20967 23234 24927 24894
1114 25325 23237 24894 25147
1115 24927 25299 25347 25216
1116 20304 23237 24894
1117 24593 25111 25113 25284
1118 24593 21304
1119 22957 23512 24198 25271
1120 23943 25106 24593 25099
1121 25350 25145 25134 24521
1122 24000 25175 24833 24917
1123 25299 23285 24975 23276
1124 25287 23237 23322 24927
1125 23237 23844 24239 23530
1126 25299 24755 25325 24918
1127 24369 25339 24368 24963
1128 24502 23815 24786 24227
1129 25337 20224 23270 25184
1130 25322 25099 25223 25112
1131 25108 25286 25325 25322
1132 23463 22834 23751
1133 23463 25129 23884 21566
1134 23463 24206 23884
1135 21304 23463 25350 24034
1136 24200 24466 24192 24207
1137 25356 23884 24192 23775
1138 24917 24551 24833 25133
1139 24063 25171 24247 22460
1140 23884 24041 24206
1141 20304 22963 23871 22835
1142 23884 20228 20230
1143 25100 25325 24927 23884
1144 25039 24673 23884 25349
1145 24665 24607 25356 23884
1146 21566 23315 24553 25129
1147 24555 20046 25266 23884
1148 22912 25213 25288 24561
1149 25271 22835 24198 23488
1150 23751 23237 25096 23319
1151 22835 21037 24474 23482
1152 23319 25218 25096 24000
1153 24684 20047 23871 22957
1154 25129 20302
1155 23751 25332 23237 25236
1156 25236 25318 24671 20178
1157 25129 22957 24673
1158 23315 25129 23989 25356
1159 24928 25290 20314 24813
1160 25145 24602 25272 25300
1161 24098 24353 25356 22755
1162 25121 25329 25113 23821
1163 23595 20099 24038 22997
1164 24936 23797 22994 25279
1165 23751 25356 20300 25144
1166 24016 24755 22455 23535
1167 25318 20314 23751 20178
1168 20301 25285 25313 24288
1169 25356 21037 24937 24671
1170 23011 25291 24932 23781
1171 25268 24894 25287 24225
1172 24917 24987 24602 25350
1173 24938 24608 24015 22957
1174 24107 23775 20381 24192
1175 25335 25330 25288 24952
1176 23596 24239 24958 24107
1177 25101 25302 23821 25285
1178 25326 25288 25342 25340
1179 24295 24607 24986 20178
1180 23871 20048 23286
1181 23445 24295 20967
1182 20047 23287
1183 20151 23502 24918 24234
1184 20299 20048
1185 20048 25285 25216
1186 25313 25285
1187 20300
1188 25267 23596
1189 25133 23595 25268 25349
1190 23594 20227 20226
1191 25099 25097 25285
1192 24553 23594 24347
1193 23595 20258 24234
1194 23594 20303
1195 24015 24813 20259 23594
1196 23609 21727 25216 24546
1197 23773 25349 20300
1198 24607 21037 23232 24234
1199 25098 24552 25099 24671
1200 23594 20668 25218 23821
1201 20994
1202 23594 25144 25097
1203 22994 21727 23796 25358
1204 21037 25079 21727 24937
1205 24777 25322 25284 25329
1206 23322 24663 23596
1207 23488 23481 25148 24990
1208 23775 24368 24369 23781
1209 23502 25145 25272 23500
1210 25271 22834 23488 23502
1211 22552 22835 25267 25038
1212 23482 22835 25079 25144
1213 24200 25318 24918
1214 25272 25274 24833 25092
1215 25290 24519 25148 25316
1216 24369 23506 24071 25171
1217 22835 23480 23989 20047
1218 24833 21037 25184 20967
1219 24918 23596 24115 20151
1220 24671 20299 21727 24670
1221 20381 20151 23798
1222 20178 20305 23286
1223 23596 20258
1224 25113 23315 23871
1225 25100 23595 25282 22537
1226 23989 23798 23595 25101
1227 25279 24671 23535 24553
1228 23765 20355 23192 23595
1229 23773 24918 23595 25221
1230 24607 20301 25347 23595
1231 24417 23765 23595 23989
1232 25282 22537 23237 20046
1233 25313 20048 25108 20126
1234 20314 23232 21037 25347
1235 25300 20291
1236 24671 23087 21037 20314
1237 24016 20355 22957 20259
1238 23727 25098 21037 24755
1239 24810
1240 20142
1241 24288 25288
1242
1243 23596 24227 24225 24894
1244 24917 25291 23596
1245 24547 20224
1246 24514 25039 24417 24518
1247 24192 25285 23488 24514
1248 23285 25269 25335 24514
1249 23488 24514 25217
1250 25325 24664 24894 25108
1251 23506 25039 24927 24894
1252 24894 23775 24953 24198
1253 25148 23488 23609
1254 25039 22835 24987 24894
1255 23011 20381 23277 23775
1256 24295 24894 25148 24943
1257 25271 20048 22963 25269
1258 24015 24953 24607 24894
1259 23237 25175 24417 24894
1260 22957 25106 21933 25101
1261 22995 24107 24894 20299
1262 25270 24124 25287 24356
1263 21727 25271 24943
1264 23798 23796 24038 23797
1265 24000 25305 23782
1266 25224 25322 25273 25099
1267 20301 25144 24760 20291
1268 24521 25238 23943 25216
1269 25236 25268 24098
1270 25282 25325 25287 20874
1271 24927 24417 25284 25113
1272 20874 24670 21369 25270
1273 24016 20151 23989 21727
1274 25099 20258 23798 25270
1275 23500 20668 23319 25079
1276 20151 20304 25305 23315
1277 24953 24917 25300 25349
1278 25313 24953 24417 25108
1279 24953 24192 24288 24474
1280 25171 25322 24369 25108
1281 25098 24670 25318 24671
1282 20303 20428 24936
1283 24936 25305 22957 23234
1284 25228 24990 24341 24987
1285 20174 23444 24000
1286 24926 24987 23518 23237
1287 24987 25313 23765 25112
1288 25228 22995 25000 20299
1289 24107 24917 24630
1290 24964 23500 20874 24552
1291 21369 23315 23287 23609
1292
1293 20225 24671 23234 23232
1294 25318 22963 21495 24690
1295 20291 21943 22724 24671
1296 23512 23488 24684 24663
1297 23513 23488 24663 20967
1298 24663 20046 24683 23488
1299 23500 25305 23232 24663
1300 24065 24663 24239 24958
1301 23512 24663 23871 25282
1302 22963 23480 24663 24928
1303 22963 24663 23512 25305
1304 23512 22963 24690 24663
1305 24673 24198 23871
1306 24684 25269 24663 21304
1307 25148 20048 21727 24521
1308 23871 23512 24684
1309 23821 24107 24684 24928
1310 20178 20048 20047 25216
1311 23727 24684 23765
1312 25347 21727 21369 24671
1313 24119 20302 20301 25106
1314 24833 24015 20874 20228
1315 23747 20227 20226
1316 24671 24554 24356 25334
1317 25357 25098 25313 20151
1318 25096 24546 24034
1319 25318 24690 23747
1320 23514 25318 25039 23512
1321 23319 24673 22963 25318
1322 25318 24690 25288 25330
1323 25318 23513 24690 23871
1324 24690 25318 23112
1325 23821 23479 24690 24926
1326 20226 20663 24690 25318
1327 25300 22835 23502 24474
1328 24341 25184 25096 23775
1329 25184 23276 24975 23285
1330 24664 24958 25293 25291
1331 25291 23530 25184 23512
1332 23702 23815 22993 25184
1333 22963 25316 25345 25184
1334 25325 25322 22834 25282
1335 25348 23512 25184 25181
1336 25184 22537 24369 22460
1337 20126 24347 20304 24519
1338 23943 24321 23315
1339 25184 24295 24665 23747
1340 20178 25147 25184 24521
1341 22963 25184 20967
1342 22755 20428 23796 20230
1343 25144 24760 25184 25276
1344 20178 24691 24673 20047
1345 24669 24670 20227 20299
1346 23989 23871 23482 23286
1347 24964 24760 25144 25159
1348 23782 23871 24673
1349 24475 25096 20663
1350 24015 25148 20047
1351 25271 24295 25290 25279
1352 24813 20552 20226
1353 24288 24356 25334 25000
1354 21727 20994 25271 20048
1355 24833 20178 23286 20048
1356 24551 23989 23192 23751
1357 24917 25097 20301 25270
1358 25099 25106 21727 23765
1359 23797 25096 25305
1360 24671 24490 24913 23479
1361 23319 24913
1362 23315 24813 24466 24937
1363 25148 23534 25271
1364 20314 23727
1365 22724
1366 20226 20552 23765 24671
1367 23287
1368 23087 25221
1369 24518 25318 25181
1370 25318 23871 21727 24684
1371 23792 20428 22994 25318
1372 24519 20304 23513 22963
1373 25268 25269 24669 25318
1374 25316 24321 24476 25315
1375 20994 23506 23518 24986
1376 23943 24015 20988 23500
1377 25175 23609 25097 25290
1378 25326 25328 25266 24288
1379 25350 24221 23796 25038
1380 23482 25347 24295 25267
1381 25267 23751 21304 25266
1382 24115 25267 25266 23798
1383 25267 23773 24918 20151
1384 22994 23462 25267 22997
1385 23773 25351 24000 24670
1386 20486 23488 25217 25268
1387 25337 25328 25133 25358
1388 24928 25268 24247 25357
1389 24926 25268 25269 20169
1390 25216 25284 20967 25349
1391 25284 25100 25113 25268
1392 25133 25287 23207 24986
1393 22537 25268 25285 25113
1394 24502 25302 25291 24474
1395 20486 23488 25269 22835
1396 25217 22835 25269 25284
1397 22994 25284 25113 24502
1398 23234 25269 23482 24295
1399 25282 25334 25098 24295
1400 25282 25121 25108 25287
1401 23773 25332 20151 25269
1402 20303 25269 25113 23751
1403 23534 25345 23136 21229
1404 24239 25218 25079 24200
1405 22995 22997 22755
1406 24553 22827 20046 24917
1407 20126 23757 23751 25270
1408 20046 20300 20151 25321
1409 25321 22957 25098 20046
1410 20994 20046 23850 24669
1411 20046 25300 23609 24000
1412 20047 24071 24519 24369
1413 24927 24490 20047 23237
1414 23775 24295 22537
1415 20047 25293 24958 23844
1416 24239 23530 20988 20047
1417 20047 25148 23011
1418 25305 25304 24295 23506
1419 23500 20967 24124 20047
1420 24417 24295 25099
1421 24684 23871 20047 24521
1422 23286 20047 24669 25271
1423 25347 25106 25221 25101
1424 24670 20047 24607 25271
1425 23237 20048 24927
1426 25221 25108 20047 25097
1427 24041 22994 20047 23796
1428 25347 20302
1429 24833 24627 25287 20047
1430 24034 23462 20305
1431 24833 20047 20048 25222
1432 25079 22536 24670
1433 24368 20994
1434 24670
1435 24490 20314 23609 24547
1436 24669
1437 25334 25321 25144
1438 22536
1439 20259 25098 23087
1440 24813 20302 23286
1441 20967 25171 24519 25271
1442 25147 25171 24990 20967
1443 22827 23481 20048 23482
1444 20304 24417 25101 23482
1445 22994 20048 24221 23815
1446 20301 25347 20967 24913
1447 25271 23237 20967 24986
1448 24065 20988 23482 20048
1449 25347 20967 25290 24198
1450 20967 24932 25347
1451 24295 20048 20226 23821
1452 20048 25148
1453 25111 24038 20048
1454 20048 24368 25347 25276
1455 23192 23943 24665 25097
1456 20178 20048 24554
1457 23237 24669 24645 20048
1458 25222 24234 25321 20303
1459 20048
1460 25100 25223 25148
1461 23276 20967 24192 23011
1462 20967 24691 24124 25147
1463 23796 24295 22995
1464 23502 20967 25325 24927
1465 24124 20967 24295 25112
1466 22993 22755 24295 25350
1467 25290 25171 20259 24369
1468 25305 24918 23727
1469 25220 20314
1470 23237 24553 25097
1471 23989 23500 25097 24555
1472 25313 24551 25108 23500
1473 23943 25097
1474 24555 25097 20259
1475 20994 21933 23500 24475
1476 20291 25106 24555
1477
1478 25111 22834 25112 25322
1479 23278 23285 24650 22834
1480 24347 20174 24518 25325
1481 25293 25181 25292 22834
1482 22994 25350 24347 25363
1483 23781 24401 23445 24975
1484 25112 25322 25284 25325
1485 24671 20228 23112
1486 25217 20174 24519 25282
1487 23482 25147 24124 24519
1488 25325 24071 25100 25171
1489 25282 25099 25279 23192
1490 20174 22835 25148 23488
1491 24777 25339 25343
1492 22835 21037 24476 23482
1493 22835 20486 25271 24239
1494 22835 23488 23502 23322
1495 22835 23488 25217 23482
1496 22835 25351 23488 20174
1497 23488 23462 22835
1498 25101 23482 22835 25284
1499 22835 25326 25342 25340
1500 24321 24474 23757 25147
1501 23444 25291 24192 23011
1502 23480 25292
1503 20299 23011 25332 25286
1504 25272 24760 24964 25159
1505 23798 25100 23011 25106
1506 25099 23287 23773 23500
1507 25282 25148 24124 24558
1508 24521 23482 23286 25171
1509 25271 23286 24669 23482
1510 25351 22963 23192 24943
1511 24417 25286 23286 23482
1512 24119 24810 21727 25079
1513 23797 23530 25079 23286
1514 23462 25216 22993 22994
1515 23479 24990 24227 24225
1516 23315 23479 24645 24607
1517 20314 23479 23798 25097
1518 25097 23234 23609 25270
1519 25133 24691 24673 24198
1520 23480 25288 25148 24288
1521 23480 25347 20304
1522 25271 23480
1523 25287 24558 23821 23482
1524 23482 25316 24321 25290
1525 25349 23518 25100 23482
1526 24107 24928 24063 23482
1527 25148 23530
1528 24474 25217 25284 25112
1529 25280 25217 20174 23488
1530 25337 20304 23488 25147
1531 21229 23488 24608
1532 22963 25271 24936 22827
1533 23488 24474 23512 25217
1534 23751 25181 24607 20874
1535 25181 25271 23488
1536 22755 24000 24650 24198
1537 24198 24670 23488 25271
1538 23514 23488 24691 23513
1539 25096 23354 23353 23488
1540 25306 20174 25147 24347
1541 24521 25039 23488 25147
1542 23513 23514 25181 23488
1543 20142 23765 25099 24938
1544 24670 24777 25270 25111
1545 24356 24107 20302 24119
1546 24607 20227 25046
1547 24669 20300 22997 24627
1548 23232 20259 24000 25321
1549 23797 22957 21037 25216
1550 24518 25293
1551 24474 25038 25108 24518
1552 23502 24927 24926 24928
1553 24518 24602 22279 25361
1554 20988 24926 23319 24952
1555 24347 20178 20230 24474
1556 24476 23757 25290
1557 23796 20428
1558 25098 25343 25321
1559 25133 24650 22509 25218
1560 21933 24321 24927 25100
1561 23844 24239 25292 23530
1562 25285 24990 23797 24777
1563 24928 24247 24926 21369
1564 24521 25305 25144 24963
1565 22993 22755 23796 25350
1566 25271 25313 25339 25148
1567 23792 25300 25290 25315
1568 25112 25325 25351 25100
1569 24918 25287 23506 23502
1570 25222 24813 24607
1571 24913 24607 20300 23534
1572 25270 20097 20303 25108
1573 25099 23087 25098 24475
1574 22827 25270 23790
1575 25100 25112 25079 24015
1576 22509 24369 22460
1577 22509 24928 24820 22737
1578 25000 24225 22737 25218
1579 25000 24952 22737 25326
1580 23937 23444 22737
1581 20169 25357 24000 23237
1582 25326 20314 24000 24943
1583 22993 24602 24000 25218
1584 24474 25286 25282 25101
1585 25098 24000 23727 25218
1586 25305 23234 24107 24000
1587 24107 23989 23609 23850
1588 24000 21369 25079
1589 20874 25342 24554 24000
1590 24192 24691 24200 22963
1591 24200 23192
1592 25337 24986 24356 25218
1593 25145 24963 25273 24913
1594 23506 24927 24650 20302
1595 25228 25291 25335 24650
1596 24650 25322 25218 24200
1597 25098 25121 25348 25321
1598 24917 23285 25219 25218
1599 25291 24401 24650 24932
1600 25290 24958 24650 25293
1601 22963 24958 25293 24691
1602 24476 23751 20381 24192
1603 25218 24650 24664 23796
1604 25315 24502 25218 23757
1605 21229 24990 24356 23535
1606 24932 20381 25218 23775
1607 23535 23854 25218 23797
1608 25218 25219 20305 25133
1609 23850 25287 20126 25219
1610 25218 24917 20259
1611 25304 23943 25305 25101
1612 25313 25038 24683 22552
1613 25101 23530 25348
1614 24347 25339 24227 20097
1615 23500 24607 22537 20097
1616 22826 25222 23087 24833
1617 23792 22993 23234 20428
1618 23796 23462 20099
1619 24755 20259 25098 20099
1620 25332 23502 25355 25321
1621 24038 22994 24502 24221
1622 22755 25306 24227 24502
1623 24221 24234 23518 24038
1624 22755 24664 24041 23796
1625 23727 23796 23798 22755
1626 22755 24239 20663 22993
1627 24928 25101 25358 22994
1628 22994 25349 23796 25328
1629 24098 23796 23207 22993
1630 22993 20126 25279 25350
1631 21037 24932 22994 22993
1632 25279 25220 23797 23796
1633 24247 24926 24820 23518
1634 23815 23792 23844 22994
1635 25361 24347 24071 25171
1636 20258 22994 25290 20126
1637 24964 25287 25350 23773
1638 23844 24755 20988 24341
1639 22997 23844
1640 24691 23462 20188 22963
1641 20126 23854 24332 23462
1642 24833 20303 23773 23751
1643 24918 24928 23821 24926
1644 25340 24913 25336 25343
1645 23500 23192 22826 24833
1646 23796 23792 24225 24221
1647 23530 25322 23792 24777
1648 25290 24341 24474 24225
1649 25351 23796 24329 23792
1650 24928 23502 23792 23319
1651 23792 20874 24417 24107
1652 25144 23792 24608 23798
1653 25113 25099 24813 23821
1654 25285 24777 23727 25321
1655 20552 20305
1656 25302 23444 23821 24478
1657 23796 23319 24038 24927
1658 23773 23797 25290 25305
1659 25112 25100 23798 25313
1660 24607 23234 24630 23798
1661 25225 23815 24038 25113
1662 24015 20355 24671 24630
1663 25322 24476 25112 24927
1664 24221 25358 25133 23727
1665 25106 24221 24227 24225
1666 21037 24225 23937
1667 25290 24347 24227
1668 25228 23773 24107 20381
1669 24341 25316 25306 24321
1670 25224 24015 23135 24341
1671 25290 25325 23192 25282
1672 24288 24321 24347 25355
1673 24664 24913 24347 20174
1674 24476 24321 24664 25306
1675 23757 24602 24332
1676 25325 25108 25101 25322
1677 25101 25106 20994 25322
1678 24913 20299 23943 24546
1679 24417 23844 24833 25284
1680 25100 24964 24833 25112
1681 20874 23821 25111 23234
1682 25100 25108 25313 25284
1683 24551 24234 25039 20299
1684 24321 24975 25145 24913
1685 25272 24913 25144 24760
1686 24913 24760 20301 25113
1687 23319 25306 25334 25234
1688 25272 20178 24015 24760
1689 25272 25144 24760
1690 24760 24964 25300 20291
1691 25349 24760 25300 24547
1692 23232 20994 24760 24368
1693 24963 25108 25322 25334
1694 25091 25092 24239 23530
1695 24932 25185 25092 23530
1696 24063 25145 24247 20291
1697 25106 25325 25223 25145
1698 24474 24288 24952 25273
1699 20225 20258 24669 20314
1700 25039 25285
1701 25286 25284 25322 24192
1702 25325 24926 24927 25098
1703 20299 24943 24107 23773
1704 23535 23530 25039 24016
1705 25182 21866 23775
1706 23322 22537 24813 23727
1707 23112 20228 25321
1708 25361 23500 23234 20994
1709 25276 25284 25321
1710 25313 25290 25099 22455
1711 25101 25098 25321 23943
1712 23500 20258 20314 22455
1713 22460 24369 25322
1714 21037 22460 24356 25282
1715 24247 22552 25302 24071
1716 24926 24820 24071 24928
1717 23518 24071 24926 25361
1718 25224 24368 25100 25276
1719 24474 24369 24928 24368
1720 23821 24986 23237 23773
1721 25322 25286 24634 23702
1722 24329 25112 23751 23500
1723 24417 25113 25100 25106
1724 25213 25353 24474 23512
1725 24917 24926 25302 23518
1726 25101 25079 24917 25098
1727 25328 24917 25349
1728 20486 23109 24353 25228
1729 20169 24926 24927 25287
1730 24208 20874 25353 24918
1731 23609 23319 23232 24918
1732 24234 24918 24927 22536
1733 24918 24015 24115 24777
1734 20300 24234 23234
1735 20381 24927 23237 23445
1736 25288 24952 24288 24986
1737 22826 25290 23775
1738 23502 24918 24417 25313
1739 23237 20305 20178
1740 25292 23773 23500 25079
1741 25305 24417 24926 25100
1742 23609 25096 24353 23506
1743 24926 23506 25302 25325
1744 23506 24927 24932 25291
1745 24063 23506 24926 25100
1746 25302 23506 23518 24990
1747 25108 23506 24926 20668
1748 20227 20225 24015 24234
1749 25357 25302 24247 20291
1750 22963 24684 24490
1751 25280 25098 24490 25099
1752 24645 20225 24490 25096
1753 23535 21229 24820 24928
1754 25113 24474 25112 24820
1755 22827 24669 25097 20259
1756 24932 25106 25100 23530
1757 25282 25100 25112 25325
1758 23530 23844 25337 24932
1759 20381 25291 23530
1760 25079 25321 25098 22536
1761 25079 24547 22536 24665
1762 25101 25106 25099 25221
1763 24664 25343
1764 25288 25340 25326
1765 25221 25108 23773 20381
1766 20305 20178 20226 20227
1767 24607 20226 24016 20178
1768 20192 24260 24474 23514
1769 22963 24691 24684 24673
1770 25291 25337 23775 23512
1771 25181 25282 24673 25325
1772 23444 25341 24786 25343
1773 23446 25343 23854 25337
1774 24192 24943 24448 25337
1775 25343 25325 25339 25291
1776 24401 24192 25337 24975
1777 23850 25228 25106 25286
1778 22550 23276 25279
1779 25223 25112 25279
1780 20874 24016
1781 21229 22957 24608 23136
1782 23534 25290 23192 23535
1783 25322 24417 25098 22957
1784 24786 24192 24990 23775
1785 23844 23530 25292 23535
1786 23112 20230 20228
1787 23775 20381 24192 23276
1788 25285 24321 25121 20305
1789 24627 24417 25099 25101
1790 23782 25113 23773 25108
1791 25322 25315 24474 24990
1792 25113 25100 25286 24777
1793 24476 23757 23751 22724
1794 25099 25098 25108 25097
1795 25101 23285 25284
1796 25112 25100 25108 25282
1797 25325 25282 25101 24950
1798 23192 24321 25315 24476
1799 24943 25108 25334 25106
1800 25223 25112 25282
1801 25284 23850 25225
1802 23757 23192 25315 25286
1803 24975 24786 24107 23775
1804 20381 23775 24192 24239
1805 22550 24974
1806 23775 23781 22550
1807 24990 22550 24943 23781
1808 23781 22550 20304
1809
1810 22552 25316 25293 25291
1811 25326 24952 24356 25287
1812 24239

The total score is -43588
The average number of courses per student is 3.7163355408388523
The number of students with 0 courses is 4.
The number of students with 1 courses is 26.
The number of students with 2 courses is 78.
The number of students with 3 courses is 264.
The number of students with 4 courses is 1440.

The total score for Old School Webtree is -42625
The average number of courses per student is 3.7350993377483444
The number of students with 0 courses is 0.
The number of students with 1 courses is 2.
The number of students with 2 courses is 60.
The number of students with 3 courses is 354.
The number of students with 4 courses is 1396.
