1 25143 24986 25355 25355
2 24200 21707 25143
3 23285 25326 25346 25346
4 23444 25346 25346 25288
5 24596 25306 25346 25346
6 24602 25346 20302 25346
7 24963 25098 25133 21543
8 23875 20025 23112 23112
9 22552 25292 24958 24107
10 24321 20025 25287 25287
11 24239 25255 24734 20025
12 20486 24894 23488 23488
13 23775 25261 25261 25230
14 25291 25284 24593 25285
15 25229 20025 24683 24206
16 25271 24034 23747 23747
17 24663 25062 25247
18 24670 22419 22419 20025
19 24369 23850 20025 20025
20 24593 24964 20025 20025
21 24596 22957 25097 24206
22 24124 25318 20025 25269
23 25217 25101 25148 20025
24 24684 25175 25175 24015
25 25262 23192 23192 20065
26 25338 22997 23875 23875
27 24918 22755 22755 20025
28 24602 24239 20025
29 25264 25337 23524
30 20994 24917 24755 25334
31 23572 24760 24913 23572
32 23773 24475 21304 21304
33 24295 22537 22537
34 24596 25097 24000 25266
35 23463 23884 25221 20025
36 20381 23773 24894 25287
37 24341 23796 24041 22755
38 22835 25147 25347
39 25252 25339 25337 23790
40 24964 20025 23524 23524
41 24295 20259 20258 25269
42 24913 20025 25314 25314
43 20259 25291 24239 20025
44 24295 25282 25121 22826
45 20303 23315 23315 24119
46 20519 20259 21543 21543
47 20064 25248 20025
48 24665 24555 23500 23524
49 24552 25097 25314
50 24553 24000 25305 24272
51 25249 25097 23854 23854
52 23798 20097 25268 23045
53 24107 24917 23234 25134
54 25357 23596 20025 25098
55 20522 22537 22537 25334
56 24553 25321 25321
57 20302 25097 20314 25222
58 20259 23594 25133
59 23773 25218 20025 25129
60 25249 20259 20025
61 24918 20258 20025 24119
62 24669 24555 23790 25353
63 23727 23192 25039
64 25270 20300 20301
65 20025 20126 25099 23875
66 24552 20300 20025 23234
67 20079 20259 25305 23790
68 24555 25097 22537 25238
69 24665 25356 24627 23751
70 25282 24607 20097
71 20025 25129 23875 23237
72 20967 23550 23550 23727
73 20518 20025 24645 24645
74 25321 25129 23572 21304
75 23594 20314 25267 25175
76 20065 20259 20258
77 24943 25097 24917 20874
78 24918 25305 24234 24368
79 25321 25079 24607 20097
80 24107 25133 23535 24368
81 20258 21369 23500 25079
82 24903 23773 25321 20142
83 24553 21369 24990 25279
84 20065 20305 20305 23790
85 20063 20259 24234 21543
86 20063 20025 20314
87 23797 20258 21543 21543
88 20523 20080 23751 24234
89 24200 20025 23500 24833
90 20258 24917 25133 24880
91 20258 24913 24760 25106
92 23792 20097 24917
93 24964 23550 20025 20355
94 25308 20258 20258 25300
95 20575 24546 24016 24016
96 20047 25097 25108
97 24607 21369 20668 25079
98 24554 25144 25144 24356
99 20025 23315 24547 25269
100 25221 22455 22455 23084
101 24645 24938 24234
102 24602 24813 24272
103 25322 25223 25284 23132
104 23550 21707 23524 23524
105 25357 21707 25314 25229
106 25291 23943 25292 25292
107 23462 25341 23550 24250
108 21707 25339 25337 25285
109 25252 23529 23790 23479
110 25338 25328 24987 23045
111 23529 25337 25229 21707
112 20967 24670 21707 25314
113 23773 25219 25348 25218
114 24519 23263 21707 23264
115 25210 25004 25004 25304
116 24408 21707 24250 24408
117 24964 24760 24521 25329
118 25338 23875 24016 24016
119 20305 21707 25144 20305
120 24669 24239 25079 23524
121 24760 24963 25145 23045
122 23529 23322 24111 25351
123 24518 20228 23506 23506
124 24250 23264 23045
125 23894 25246 25314 23270
126 25329 24347 25272 24120
127 23446 23894 23535 23270
128 20486 23595 25039 23488
129 25243 25269 23884 23045
130 25243 25269 25269 23045
131 25064 22896 22021 23045
132 25329 25272 25063 23045
133 24899 25242 23045 25276
134 24964 23815 23462 24913
135 20126 25144 23727 23045
136 24926 24918 20663 25363
137 24964 25145 23045 23875
138 25272 24760 24760 23875
139 25111 24607 23045 25144
140 24964 20314 20314 24913
141 24901 24943 23790 25079
142 24963 24760 25144 23045
143 24901 20575 20302 20291
144 24547 23045 20046 20046
145 20080 24669 23045 24913
146 24250 25314
147 24474 25338 25307 24990
148 24684 24593 25113 23875
149 24321 23506 23264 23506
150 25063 25272 25329 25329
151 25322 23482 23369 23369
152 25307 25338 24953 23524
153 25338 23524 25229 25229
154 25339 25282 25282 25341
155 25064 23524 23524 23524
156 25322 25286 23524 23757
157 23286 25271 25271 25314
158 24881 25144 25307 25272
159 20226 21727 25307 23790
160 23322 25282 25221 25221
161 25252 25359 23524 23524
162 24124 25147 25271 23287
163 23502 20519 23524 23881
164 25263 23798 23524 23798
165 20047 24198 24198 24126
166 25359 24913 24913 20552
167 20047 24490 24490 25113
168 24665 25221 24474 23087
169 24964 23524 24107 25279
170 25184 22536 25302 23524
171 24630 25282 23524 21037
172 20258 25314 25099
173 20524 25308 23524 25333
174 25262 20178 25175 23797
175 24551 20522 20065 23881
176 25272 23529 24990 22957
177 23790 25064 25341 23529
178 24734 20551 24607
179 23446 20079 20080 23529
180 23529 24015 23572 23572
181 24368 20046 25221 25221
182 25256 20522 24607 21037
183 23278 23285 24593 24401
184 25272 23875 23854 23112
185 25271 25145 24476 23875
186 22997 23815 24755 25039
187 24602 24521 24913 24913
188 25273 25063 24478 23875
189 20174 23875 22724 23314
190 20303 25258 25354 23875
191 24975 24650 25287 23500
192 23875 24928 25313 25106
193 24341 24990 22994 24372
194 24295 23482 25148 25314
195 25101 25097 23192 23083
196 20065 25272 24071 23875
197 25316 25144 23875
198 23502 21543 23875 23087
199 23482 25099 24546 21304
200 20079 23854 22455 24755
201 24810 22536 23192 23875
202 24551 24669 24937 20355
203 24546 25272 24521 25096
204 24900 24669 25221 23875
205 25252 22537 25270 23087
206 24664 25229 23875 23087
207 24813 23502 25108 23875
208 25221 23884 24098 20355
209 24900 24881 22455 23875
210 23875 25108 25287 20142
211 24602 20300 20301 23875
212 23502 23550 25108 23875
213 25248 23875 23943
214 20259 24547 24558 20355
215 24813 25290 25290 25096
216 23192 24000 23790 23875
217 23479 25305 23854 24728
218 22997 23815 25306 24120
219 25345 23314 22724 24200
220 25338 25348 24943 20046
221 24810 25262 25314
222 25343 25229 25039 25039
223 24683 25313 25288 23270
224 25184 25229 25307 25314
225 24505 23609 25255 25341
226 24502 22994 23207 25229
227 24898 25242 24332 25229
228 24932 25314 24200
229 25308 20301 23086 25229
230 24669 24943 25273 25273
231 20486 25307 24593 24927
232 24593 24111 24321 24490
233 20304 25307 24627 24000
234 25217 24474 23192 23488
235 25307 25328 25313 25307
236 24597 23369 23369 25307
237 20486 23775 25347 23488
238 24000 25287 25282 25092
239 24393 25246 24990 24990
240 24321 24943 24448 24755
241 25308 25145 25145 25092
242 22994 24321 24321
243 25338 25145 25272 25092
244 20486 24894 25282 24111
245 24894 24015 24894 24015
246 24987 25322 25300 25300
247 22835 22835 23488 25307
248 24974 25284 25284 23506
249 25307 25148 23747 24820
250 25216 24607 25216 25307
251 23285 25307 24200 24200
252 24986 25307 25307 23488
253 23884 25325 24927
254 24519 25325 25347 25347
255 23796 20079 25000 25000
256 20174 23569 24917 23572
257 25100 25329 25225 25225
258 23444 25039 25039 25349
259 22421 20224 25307
260 25244 25273 25272 24521
261 24225 23796 23796 23500
262 24927 23502 25271 24833
263 24964 25244 24913
264 25147 24990 24593 24111
265 24519 20575 25307 20227
266 24964 25272 25307 25273
267 22827 25307 25000 24833
268 24295 23871 25307
269 25253 25272 24990 24760
270 20967 25339 25300 25268
271 20259 25270 24000 24000
272 25344 24952 23798 25268
273 20967 25307 23314 24928
274 24918 24234 25307 23237
275 25242 25062 20126 25341
276 22963 25318 24690 24690
277 20967 25282 23237
278 25308 24990 23751 23751
279 20381 25267 25267 25267
280 24913 24555 25307
281 23502 23943 25144 23609
282 24665 22826 22826 25269
283 25282 24630 20301
284 25266 23884 23192 25356
285 23595 24321 25307
286 20047 20301 20301
287 22827 25097 25270 21543
288 23594 25269 24521 25334
289 25219 25314 20169 20169
290 24474 24734 24732 25314
291 24898 23775 25337 25314
292 24490 24474 25326 25326
293 20486 25217 25326 25277
294 24225 20291 22724 22392
295 25285 25318 24755 24755
296 22834 25261 25314 22509
297 20303 25325 25106 25106
298 20381 24192 20874 24111
299 24903 25325 24833 25314
300 25288 25291 24932 25314
301 24192 22537 24932 25314
302 24664 25129 22993 22993
303 23821 24918 25039 25314
304 23287 25268 23500 23500
305 24734 25079 24107 25314
306 24810 25305 22957 24356
307 24901 23884 25314 23884
308 25339 25321 25039 25106
309 24000 25314 25314 22826
310 24341 21369 25314 25133
311 23773 22455 25314 23087
312 23797 24547 25314 25349
313 23596 24943 25269
314 24551 21304 25314 20291
315 20303 25314 24990
316 20523 20259 25334
317 25338 23792 25326 25268
318 24683 23506 22198 22198
319 25338 24071
320 25291 23757 20988 25285
321 23278 25338 22896 24401
322 23462 22997 20046 23797
323 22455 24927 23237 23237
324 25338 25357 24650 25219
325 25329 23798 24321 25092
326 25234 25348
327 24518 25336 25290 24478
328 23550 24227 24041
329 25255 25246 24474
330 22993 25218 24986 22993
331 23792 24417 25108 25108
332 23481 22835 24369 24490
333 22827 22997 23757 22997
334 25062 25291 20988
335 20063 25339 24777 23797
336 25101 25328 25349 24958
337 22536 25292 20988 24111
338 24225 22994 22994 22994
339 24514 25287 25111
340 20428 22994 24953 25175
341 25338 24000 24071 24071
342 24034 24952 25268 25349
343 25263 25340 24777 25255
344 25308 24288 24986 25111
345 25063 24238 24238 24272
346 20047 25304 24369 24880
347 25322 25228 25098 25098
348 23446 23894 23896 24880
349 24684 24272 24272 24917
350 25111 20994 25329 24272
351 20518 24272 24272 24272
352 25279 20225 24671 23087
353 24627 24272 24272 25221
354 24552 20291 23797 24272
355 25249 20258 23234 24272
356 25315 25316 24476 24408
357 20047 25347 24111 24408
358 25221 24903 20663
359 20064 24881 20314 24408
360 25340 25343 25337 24408
361 25284 24777 24927 24631
362 25344 25210 23798 23132
363 20523 25316 25004 22997
364 24596 24631 23821 25285
365 25322 25284 24631 24777
366 24926 24927 23821 24631
367 24295 22835 24631 24631
368 24295 25148 20048
369 20381 24192 25210 25210
370 23757 25279 23234 24631
371 20967 24684 21727 24631
372 25113 25097 25106 25210
373 20518 24521 20663
374 24665 24880 24880 20142
375 25225 25100 22023 25004
376 24341 24777 25284 25222
377 20522 25100 25004 24777
378 24518 25108 25038 25210
379 25272 22536 22537 25308
380 25343 25290 21304
381 22198 20006 24728 24728
382 25344 25145 23314 25185
383 24502 25333 20022 20022
384 25322 24221 24227 20006
385 25242 25308 25268 23907
386 20006 21543 23596 24372
387 20065 22896 20006 25353
388 20303 22993 22993 24372
389 20178 24671 25308 20006
390 22963 23595 25113 23871
391 23747 20006 25218
392 20006 23821 23821 22957
393 24760 25272 22198 22198
394 24597 24894 24894 20022
395 24476 20291 24474 20022
396 24943 25308 20022 23237
397 25344 21344 23572
398 23550 25280 23609 21344
399 23278 24372 24372 21344
400 24881 21344 24836 24836
401 24881 24227 25333
402 25129 24208 21344 25356
403 25344 24221 24372 21344
404 25285 23815 21344
405 24881 25344 24958 24958
406 24943 23463 23609 24206
407 21933 23757 25112 25175
408 23550 25133 25302 23821
409 25175 22835 24234 25175
410 24975 23445 20302 21533
411 23444 25291 21543 21543
412 24881 24917 24917 24683
413 24664 22994 23796 25292
414 24519 20575 25111 21543
415 25258 20524 25336 21533
416 25101 25321 24321 23798
417 20063 25249 25248 25175
418 25242 25263 24669 21533
419 20381 23773 25175 25254
420 25359 20178 23871 21533
421 24902 25133 23790 25266
422 25252 20258 24901 20065
423 24034 25351 24234 24490
424 24602 24918 25279 20355
425 20299 23087 21533 23087
426 25099 23500 25097 23087
427 20304 20065 23765 24107
428 21533 25129 20874 25356
429 23535 24986 23315 24356
430 20258 20079 24034 23881
431 24547 21533 25097
432 20259 25300 25300
433 20064 20259 21533 23087
434 24192 24881 20046 21533
435 24813 21533 21533 24000
436 25100 25098 23087 23087
437 20047 24474 21533 23790
438 24547 21533 20576 23512
439 24551 22536 22537 24107
440 24551 21369 20668
441 20524 20080 24119 25356
442 24813 20576 25268 20552
443 23773 24192 22536 21533
444 24475 23907 23462 24347
445 25217 21037 21543 22392
446 21543 24247 20314 20314
447 24596 25285 23502 25290
448 23279 23596 23596 21543
449 24225 22994 22755 21543
450 23796 21369 20988 20988
451 24353 23109 23798 21543
452 24899 24474 24932 25313
453 25305 24928 23518 21543
454 24683 24208 24208 24466
455 25337 25340 25333 25333
456 24810 21543 22455 25270
457 21543 24111 23881 25099
458 24671 24937 23569 21543
459 20099 24987 25133 21543
460 20259 25321 25305 23087
461 20080 22455 25341 21543
462 20063 25248 24760 23087
463 20303 24894 23797 21543
464 24547 23500 21543
465 25039 23727 24927 24777
466 25256 23234 20519 25305
467 24683 25315 22198 22198
468 20486 22835 22198 23488
469 24898 25242 25354 24734
470 24295 20304 22198 24938
471 21933 25316 24927 24927
472 25228 24684 23871 24372
473 23011 24684 23488 23512
474 25062 24372 24372 24238
475 24894 23237
476 20303 20428 23569 23569
477 23792 24372 23572 23569
478 25097 24881 23569 23569
479 24550 25321 21369 25333
480 25129 23234 24474 23751
481 24239 25313 25284 25284
482 20486 23572 23572
483 23322 23506 25271 23488
484 24928 23572 25092 25092
485 25217 25148 25219 23488
486 23132 25325 25284 25351
487 25145 23572 25038 25038
488 25285 25325 24728
489 25064 24372 24372 25333
490 25300 23572 23572
491 24596 23815 23462 25333
492 24918 24926 25333 20355
493 23792 22993 23572 22957
494 25345 22995 22997 23572
495 24964 24041 24913 25333
496 20259 25221 20994 23572
497 24551 24607 24200
498 25285 25355 25355 23572
499 25335 25334 25269 23572
500 25184 23572 25300 20097
501 24665 23751 23572 23572
502 24671 24813 25269 23550
503 25184 24881 25299 24111
504 24552 24015 25304 25304
505 25243 25264 23894 23907
506 25248 24475 23907 23907
507 23595 23790 23790 23907
508 24372 25357 24926 25333
509 24627 25133 20663 22993
510 20428 24833 24986 25328
511 22995 24034 22827 22993
512 24943 24943 24490 23086
513 24894 24684 25175 24728
514 25302 25284 25121 24728
515 24728 22957 24927 24927
516 24900 25263 24760 24760
517 24900 25248 24728 25305
518 23797 24607 24607 25106
519 23747 25238 24728
520 20064 25321 24015 24728
521 23482 24553 21037 24728
522 24546 24669 24669 23234
523 24974 24607 24607 24476
524 24734 25318
525 24596 23512 24903 23512
526 20486 24881
527 24596 25315
528 24401 23369 23319 24000
529 23775 22834 23937
530 23781 24663 23937 24401
531 25254 24691 23513 20314
532 24514 25280 24034 25096
533 24881 25343 25337 25341
534 23518 25339 25342 24111
535 20174 22995 23207 24347
536 25256 23894 25247
537 22963 25345 24356 24356
538 25258 25337 25337 25259
539 22993 22957 22957 24038
540 25111 25321 25321 25121
541 20064 24987 24918 25287
542 25217 20047 24953 25347
543 24607 23535 22957 24608
544 24593 23502 25097
545 24552 25270 21369 23479
546 24881 23881 25285
547 24041 25248 20575 24016
548 20080 20259 20258 24478
549 21727 24937 24937 24234
550 24881 24650 25106 24107
551 25345 24979 23287 23287
552 24663 25268 25268 22993
553 25272 25245
554 25255 25063 24943 23854
555 25062 25329 24015
556 24913 25112 25284 25113
557 23285 23782 23797 23797
558 24810 25300 24669 25134
559 20079 21933 23234 22957
560 24964 24760 23765 23765
561 20064 24474 23535 25341
562 25270 23315 23315 25222
563 22994 22995 25333 25333
564 23815 22755 24502
565 25344 24894 24755 23488
566 24898 25259 25258
567 23285 20518 20518 25341
568 20486 25225 25225 20519
569 25259 20064 25218
570 20063 20304 25260 25341
571 20063 24192
572 20518 25253 23594
573 24341 23796 23207 24902
574 22536 25260 24671 25148
575 20063 25264 24111 23513
576 20065 25100 25101 25129
577 20064 25263 25129 25341
578 25264 20064 20097 23500
579 20063 23502 20048 25287
580 25258 20259 20258 24476
581 20518 25342 20519
582 25064 25337 25337
583 25339 23479 23479 23087
584 25256 24015 24015 24927
585 24665 24900 24321
586 24630 25258 25259 20668
587 20047 22827
588 24551 20126 23765 25222
589 20519 24546 23192 23232
590 20064 23797 25341 23609
591 24665 20291 20291 24111
592 20063 24918 24119 24558
593 20523 20097 25287 20046
594 25216 25099 25221 23087
595 20064 20259 21304 20151
596 24810 20314 25221 20874
597 24665 23234 23234
598 25253 20668
599 20063 24943 25218
600 20064 20301 23319
601 24630 25258 21304 21304
602 20258 23765 24016
603 20522 21933 24760
604 23989 23500 23500 20097
605 20064 25305 20151 20519
606 20300 20064 24417
607 20063 24760 24547 24812
608 20063 23087
609 24813 20518 21037 21037
610 20575 20064 25287 20097
611 20063 24918 24913 20994
612 20063 24552
613 25253 24671 24671 24671
614 25252 20518 23790
615 20299 20300 20302 23790
616 20519 21369 25336 23884
617 20063 20258 20126
618 20064 24813 20258
619 24663 24555 23234 25305
620 20874 22826 20305 20291
621 21727 20228 20230 20230
622 24519 25254 25255 23315
623 20518 24015 24015 24016
624 20065 21727 20226 20227
625 25064 20518 25269
626 24553 20299
627 20065 24554 23315 23609
628 20519 20046 24987 25222
629 24683 25236 24903 25236
630 25259 20522 21037 21037
631 20381 20299 20299 25267
632 25262 20522 25268 25269
633 24900 23775 20097 21037
634 24900 24734 25262
635 23482 20065 23790 24016
636 20522 23943 24552
637 20522 20575 20080
638 20258 25321 25099 23087
639 20079 24546 25220 24475
640 20522 20079 20126 20874
641 24900 23790 23790 25290
642 24901 20259 20258
643 20522 25258 24990 24368
644 20575 20523 20300 24552
645 20523 24552
646 24900 20126 23821 23790
647 23322 20065 25218 25358
648 20524 24554 25249 25098
649 20079 24813 20874
650 20523 23773 20524 22755
651 25099 20258 20522 23798
652 24665 24918 23232 23287
653 20523 25100 23500
654 24519 23480 23481 23481
655 24192 20224 20551 23234
656 24900 24192 25218
657 20519 25000 20994 23357
658 25253 20518 20302 23237
659 20518 24555 23535 24016
660 20522 25220 24913
661 20518 20428 22536 20428
662 24546 24016 24917 25279
663 24554 23594 23727
664 20518 23773 20300 25219
665 24551 22537 22536 20519
666 25253 20518 25342 24368
667 24902 25097 25305 21566
668 20519 25098 25221 23087
669 25256 20178 21727 25287
670 20523 20258 25359
671 20523 20080 23192 23884
672 20522 25263 25129 24558
673 25259 23595 23594 25287
674 24596 24593 24670 20663
675 25337 20522 20575 24833
676 20522 25099 20097
677 24900 20576 24547
678 24901 20126 20576 24917
679 24597 22835 23488
680 20523 20126 20126 20230
681 24901 23502 25096 23315
682 24329 20523 24990 20151
683 25253 20552 20225 20048
684 20523 22455 25321 24417
685 24900 24554 23797 24547
686 24901 25337 25336 20097
687 24546 20523 23727
688 25249 24964 23854 23854
689 20524 24938 24937
690 20080 20523 22993 23087
691 20524 24987 25106 25106
692 24630 23234 23234 21037
693 20079 20523 20524 24329
694 20524 24192 24321 25359
695 23084 20080 20080 20524
696 24901 24553 25248 20524
697 25246 22023 22021 22023
698 25063 23894 25247 25247
699 22896 22023 22023 24111
700 24899 22021 22023
701 25252 23894 20097 20097
702 24899 25062 24126 22021
703 25316 24321 22021 20551
704 25064 25242 22023 22021
705 23446 23500 23896 24833
706 25243 24393 25063
707 24665 25252 20552 20551
708 22021 23773 24986
709 25062 25220 24475 24475
710 25062 22021 22023 23884
711 25252 20304 20305 22826
712 20258 24732 20663 20351
713 22896 25063 22023
714 25064 22896 23319 25280
715 22896 25063 22023 24356
716 22896 22023 22023 22023
717 25243 20299 20300 22023
718 25242 25252 22023
719 22023 25258 25354 23727
720 22896 25242 22460 22460
721 22896 20291 24732 25280
722 22896 22550 25328 25133
723 22896 21727 25261
724 22896 25242 24321 23270
725 25256 25242 25337 25341
726 23278 25230 23270 25336
727 22896 25242 24321 25272
728 25064 25318 24690 25247
729 22896 25246 25039 25039
730 22896 23613 22896
731 22896 23790 24833 24238
732 22896 25242 25341 25341
733 20486 25293 25292
734 20126 22896 25356
735 22896 24918 23234 25336
736 22896 25261
737 25064 23530 24238
738 22896 25345 22896
739 22896 24894 24593 23550
740 23446 24227 24401
741 20486 25340 25343 25336
742 23894 22896 25254 25255
743 25258 25246 24990 20224
744 25254 20302 25336 25285
745 24898 25341 24627
746 23894 25253 25247 25255
747 24898 24665 20305 20305
748 25254 23322 25343
749 25254 23894 23896 23854
750 22896 25339 25341
751 22896 25253 20551 24107
752 25253 22896 23790
753 24393 25264 25264
754 22896 25255 20224 20551
755 20381 25337 25337
756 22896 24670 20097
757 25263 25253 24393 24732
758 24898 25242 23894 23896
759 25242 24665 25342 25342
760 24899 25129 25129 25356
761 20259 24937 25336
762 20381 25343 25336 25341
763 25359 22896 25255 23790
764 25331 23550 24332 24332
765 25184 24221 25129
766 23550 25108 24777
767 24295 24953 25148 25039
768 20486 25106 25106 23132
769 25318 23513 23943 25269
770 24341 24502 23207 22755
771 20174 23796 24071 24071
772 25242 20079
773 25242 25263 23854 24608
774 25354 23550 23550 23790
775 23192 25038 22724 23314
776 24777 25100 25039 20994
777 23482 23596 23192 23550
778 24963 23550 20314 23550
779 21037 23765 24546 20874
780 24810 23550 23534 23534
781 23894 20291
782 25062 24663 24913 25247
783 25244 25245 25092
784 23609 23894 24608 24608
785 23894 23937
786 25246 25341 23896
787 23894 25246
788 25064 25242 25063 23790
789 23896 25247 25357 25357
790 24393 24937 25063 24115
791 23446 25359 20126
792 20576 23896 21304
793 23446 23894 25354
794 24192 23446 23896 24329
795 20575 23446 23896 20291
796 25247 25258 25354 24136
797 25246 25242 24000 24000
798 24899 25245 25272 24760
799 24393 25242 25342 24683
800 24393 25246 24836 25341
801 25247 25242 23596 24393
802 24393 23796 22994 22755
803 24899 25242 24393 25342
804 24963 24760 24393
805 24519 23989 24902
806 20299 25286 24476 24004
807 24596 23285 22827
808 24596 25340 23628
809 24597 23285
810 24596 21229 20099 21229
811 25234 24593 24111 24593
812 24597 25286 25224 25225
813 24785 25234 22550
814 24903 24221 22392 25299
815 24221 25234 24041
816 20486 20259 24952 23488
817 24597 22834 25285
818 24596 22995 24038 24038
819 23444 24192 25287
820 23011 23369 24126
821 23276 20151 20151
822 23792 25285 24990 21566
823 25322 25325 25111 23192
824 24596 24502 24650 25218
825 24597 24227 24034 22755
826 23444 25218 25218 25348
827 23444 25234 24990 24926
828 25217 24691 24521 24902
829 24227 24932 25228 24200
830 25217 24963 20314 24198
831 20967 25216 24927 25236
832 24963 22537 23751 23500
833 24596 23815 20291 20291
834 23444 24894 24894
835 23011 25315 24321 20291
836 25217 23595 25353 25353
837 23844 25293 24239 23844
838 24295 20047
839 23444 24963 22827 23850
840 25286 23286 24417 25347
841 24597 25325 24987 25106
842 24597 20304 25098 22826
843 24295 24894 24986
844 24596 25223 25347 25347
845 24192 25300 25330
846 25101 25291 25292
847 20967 21727 24952
848 23773 23775 25039
849 22755 24332 20663
850 23775 23773 23237
851 22993 20428 20099
852 24903 24926 20988 20663
853 24192 22993 22997
854 24295 25101 24593
855 25144 23798 23798 22994
856 20174 20099 20428 25133
857 24124 23884 23884 25353
858 25101 25113 25285 25351
859 20381 23595 25175 25175
860 20314 20300 25305 23084
861 20303 20047 25305
862 24810 24368 24368
863 25222 20994 23315 23609
864 25305 24321 24552 24552
865 24192 24650 24547
866 25282 20874 25351 20874
867 24902 24321 23797 24234
868 23011 23765 23479 24107
869 24665 24913 24913 25108
870 24551 20258 22537 25221
871 20300 23751 25106 20046
872 24665 21369 25099 25098
873 20259 21369 25221 23083
874 25282 24987 23237
875 24963 23821 20314 23087
876 23989 24833 25266 24833
877 25184 21037 25270 25270
878 20046 24917 25099 25099
879 20314 20300 23315
880 21369 24918 25221 24015
881 24597 20097 23790 24833
882 25234 24041 22755 22995
883 24597 25217 23702 23702
884 25217 24902 25148 23488
885 24597 24671 23488 24936
886 24597 23884 24820 25121
887 24597 24353 21566
888 24597 25316 24990 24990
889 25236 25271 23488
890 22963 25108 24673 24673
891 24958 24902 25290 25290
892 24124 24015 24607
893 24597 22835 24928 24928
894 25101 25225 25112 20988
895 25325 25321 24894
896 25350 23109 24115 24000
897 24664 23796 24368 23798
898 25100 25039 24417
899 22993 25097 24329 20663
900 25101 25225 25313 20668
901 24810 23594 25106
902 25097 24555 22827
903 24555 25171 22536
904 24670 20258 24917
905 24810 25113 24670 23315
906 24986 24107 24607 23479
907 24669 25321 25222 25221
908 23989 24833 24833
909 24553 24000 24926
910 23322 23727 20126
911 20314 23087 24607 23087
912 24898 25254 25341
913 24734 24926 25079 25304
914 25256 24732 22957 24734
915 24898 24732 25247
916 25064 24734 25337 24732
917 25254 20302 24732 20305
918 25242 24353 24098 23850
919 24898 25242 21933
920 25259 24734 24607 23535
921 25264 24734 22536 25305
922 20079 20299 24990 23751
923 25262 20551 24913 20151
924 25248 24734 24732 24937
925 25242 25263 25337 25332
926 24899 25279 25245
927 24734 25315 25341 25341
928 24899 25282
929 22834 24734 25148
930 25256 25293 25337 25292
931 25262 20178 25079 24111
932 24192 25062 25219 25219
933 20575 24663 20299 24670
934 24734 25259 24833
935 24898 23594 25343 25336
936 24898 25255
937 24899 22550 24321 24476
938 24899 25039 25039
939 20174 23775 25272 25287
940 24898 25242 23506 22755
941 25354 25341 25341 25144
942 24899 25253 24119 24670
943 24898 25242 25247 25292
944 24898 25262 25144
945 24899 25062 20314 23369
946 24899 25242 20302
947 24990 24474 23790
948 25064 25341
949 25242 24107 24107 25000
950 25249 23192 23192 23797
951 24990 25356 23884 23884
952 25282 24627
953 25263 25337 25218 24000
954 24602 25063
955 24899 25258 25337 25279
956 25242 23821 23821
957 23765 24894 24894 24558
958 24898 24833 24833
959 23285 23773 23781
960 25062 24650 24356 24000
961 24899 24627 20225 20225
962 24901 24558 24558 24504
963 24900 25099 25305 20668
964 24900 24630 20305
965 25252 20258 22537 24901
966 24901 22827 23854 23854
967 20259 20300 24917
968 24900 25175 22455
969 25256 21933 20097 20097
970 25248 24901 20576 24901
971 24900 24669 22755 21037
972 24546 24901 25248 23479
973 24901 20668 20668
974 24903 24221 24502
975 24691 22835 23512 24902
976 24903 22994 25219 22755
977 25270 24554 22827 25270
978 25101 24963 20258 24903
979 23277 24650 25348 25348
980 25062 25121 25039 25039
981 25302 25062 25101 25285
982 25063 25299 25299 20663
983 24937 25264 25144 25144
984 25263 25063 24987
985 25064 25272 24918
986 25242 25359 25039 23234
987 24502 25273 25272 22994
988 25331 25252 24239 23844
989 25064 25339 25348 25038
990 25064 25253 25245 25245
991 20299 25260 25261 24670
992 25263 24502 24038 24038
993 25242 25359 25337
994 20225 25354 25259 24234
995 25258 23530 23530
996 25354 20225 25337 20097
997 25272 24953 25145
998 25244 25269 25092 25092
999 25249 24015 24558 23232
1000 24943 25261 23615
1001 25339 20994 23884 23884
1002 25184 25248 25306 25249
1003 24554 20079 25248
1004 20079 24630 20576 25266
1005 25248 20259 20258 25266
1006 20080 25337 23884
1007 20047 20079 25248 24645
1008 25184 25270 24119 23881
1009 25248 24932 22536
1010 20079 20258 24555 22826
1011 20080 24353 24958
1012 20080 20227 20227 23871
1013 24665 20575 25099 24547
1014 24810 21727 20080 23535
1015 24669 24551 20080 24234
1016 20552 24669 25290 20097
1017 25184 20575 20302 20230
1018 20575 23775 20576
1019 20576 25284 25284 23234
1020 20576 24016 24015 20227
1021 20575 25218 24234
1022 23596 20299 25099
1023 24107 20575 23315 24107
1024 22421 25134
1025 25305 23615 25261
1026 22834 23609 23613 25260
1027 24474 23192 25112
1028 25260 20291 20291
1029 25181 24684
1030 25358 23463 25260
1031 20304 20552 25249 24645
1032 25256 20552 24987
1033 24341 25253 25254
1034 25252 20225 24943 20291
1035 25256 25342 25342 20227
1036 25359 25291 25342
1037 24943 20305 20351 20291
1038 25252 20994 25342 25259
1039 23989 20259 20552 20225
1040 25252 23871 24937 24938
1041 25253 23773 23087
1042 23530 25255 24958 25292
1043 25254 24786 25290 23192
1044 24671 20552 20225 20226
1045 25256 24684 23112 25046
1046 25340 25256 25342 23628
1047 25264 25315 25264 23751
1048 25256 23319 24990 23319
1049 25256 24329 24004 20227
1050 25258 22993 25129 24034
1051 25258 24918 23790 25305
1052 24669 25258 24546 25221
1053 25259 20291 20291
1054 25354 25356 21037 23871
1055 25264 25285 25216 25328
1056 24295 25263 25262 25359
1057 24670 25263 25238 25359
1058 25262 20225 23192 20227
1059 25263 23798 24041 20428
1060 25263 24015 23747
1061 25264 25336 23530
1062 25113 22835 23482 23314
1063 24490 25113 23369 23314
1064 22724 23319 23314 23314
1065 24518 25181 23512 23512
1066 23775 23502 25096 24820
1067 24221 23369 23798 23798
1068 22834 23775 25272 25218
1069 23773 24192 23369 24107
1070 25356 23506 24111 24126
1071 24124 24760 25290 24107
1072 24630 20314 23881 24107
1073 24630 24669 23881 20048
1074 23881 25287 25351 25038
1075 24111 20178 25181 25181
1076 25325 25147 24943 24111
1077 24111 24987 23596 23488
1078 23286 23482 23287 23287
1079 24593 25305 22455 23609
1080 25316 24321 23884 24004
1081 20381 24786 24111
1082 23011 25147 24593 23884
1083 25325 23481 24593 24111
1084 24295 23482 20314 20314
1085 24295 22835 24593
1086 20552 20227 24111
1087 20178 24684 24111 24111
1088 20967 20314 24111 25299
1089 20047 20258 24417 24417
1090 24665 24111 23192 20151
1091 22537 25079 24111 23087
1092 23989 24917 24111 24111
1093 24553 21933 24111
1094 24124 23482 25271 24521
1095 25299 20178 24126 20227
1096 25100 25112 25111 25329
1097 25282 25113 24126 24126
1098 25284 25100 25223 22724
1099 20047 25300 23797 23797
1100 20048 24943 25321 24126
1101 23444 24593 24000
1102 23322 22835 25181
1103 24593 24593 24593 21229
1104 20486 25325 24593 24417
1105 20486 24593 21933
1106 25148 25313 24593
1107 24593 23513
1108 24928 24474 23609 25285
1109 24518 24593 22995
1110 24593 21933 25313 25313
1111 24124 20048 24593 23790
1112 25184 25269 25299 20230
1113 20967 24894 23234
1114 25147 22835 23237 23237
1115 25216 22835 25299 25299
1116 20304 25147 24894 23237
1117 25322 25339 24593 25113
1118 24684 24663 21304 21304
1119 22963 25271 24593 22957
1120 23943 25097 25106 25106
1121 23462 24521 25350 25350
1122 25184 24917 25129 25134
1123 23276 25299
1124 23237 24927 25332 25287
1125 25302 23506 23844 25299
1126 25286 25325 24918 24755
1127 24963 20259 24369 23270
1128 24786 24227 23270 23270
1129 24518 25337 20551 23270
1130 25223 25322 25112 23270
1131 25322 25108 25313 25190
1132 24518 23751 23463
1133 23884 23463 21566 24206
1134 23884 23463 24206
1135 24034 25350 23463 24206
1136 23884 24207 24207 25212
1137 23463 24192 23884 23463
1138 24551 24917 24917 24833
1139 24063 25100 22460 22460
1140 24206 23884 24041
1141 20304 23871 23884 23884
1142 22963 23884 20228 20230
1143 23884 25100 24927 20302
1144 22963 24663 25349 25349
1145 24295 24665 23884
1146 24627 24553 23315 24755
1147 24555 20046 23479 25266
1148 25288 25213 24561 25213
1149 25271 22835 23488 24206
1150 24341 23751 23594 24206
1151 24474 22835 25148 23488
1152 25218 25096 23319 25129
1153 22963 25347 23871 23512
1154 20303 24192 25129 20302
1155 25236 25129 23237 20663
1156 24341 20178 25240 25318
1157 22963 24663 25129 25129
1158 23989 25129 25356 25279
1159 24665 24813 20305 24928
1160 25343 25145 25145
1161 25356 24353 22755 22994
1162 25322 25113 25356 21566
1163 24192 24894 24038 20428
1164 23797 25279 24936 25356
1165 24684 23751 25144
1166 22455 24016 24755 23087
1167 25318 20178 23192 25356
1168 20301 25285 25285 23087
1169 24671 24607 21037 24937
1170 23781 22834 24932 24932
1171 24225 24894 25287 25287
1172 24602 24917 25350 20169
1173 23595 24015 24608 24034
1174 20381 23775 25218 24356
1175 23594 25335 25288 25288
1176 24958 24239 25292 25292
1177 25101 25285 25302 25269
1178 23237 25340 24952 25288
1179 20047 20178 24986 23481
1180 23286 23871 25351
1181 23445 24192 23594 23237
1182 20047 23482 23594
1183 24918 23502 24234 20663
1184 23011 20299 23596
1185 24124 25282 25285
1186 20967 23482 25313
1187 24295 20301 20301
1188 22963 24684 23596
1189 23595 24943 25268 25268
1190 23989 20227 23594
1191 20967 25282 25285
1192 23989 24347 24347
1193 20258 24918 24234 20048
1194 23482 23773
1195 23989 20259 20258 20874
1196 24546 21727 23609 21037
1197 23322 20299 25349
1198 25184 23594 23232 21304
1199 24551 24671 25098 24833
1200 24553 23821 23594 20668
1201 24554 20994 20994
1202 23594 24943 25097
1203 25358 24553
1204 21727 24937 24937 21037
1205 25322 23595 24777 24777
1206 23322 24663 23596
1207 23481 25148 24990 23488
1208 23775 22550 24368 24368
1209 25145 25272 23502 25092
1210 22834 23502 23488 25271
1211 22835 25038 22552 22552
1212 25271 22835 23482 23488
1213 24918 23595 25318 24200
1214 23595 25272 25092 25092
1215 24519 25148 25290
1216 25304 23506 25171 20046
1217 23480 20047 21727 24670
1218 20967 23595 25271 25271
1219 24918 23595 23596 24917
1220 21727 20300 24671 20301
1221 20381 23595 23798 23798
1222 20304 23286 21727
1223 23011 23595 20258
1224 23011 25113 25113 23871
1225 22537 25097 25347 25098
1226 25101 23989 23798
1227 24553 23596 24671 25279
1228 23765 23192 20355 20355
1229 23989 25221 25222 24833
1230 20301 23482 23192 23797
1231 23989 23765 24417 24417
1232 25282 23237 23237
1233 20048 25313 23727 25290
1234 24665 23482 21037 21037
1235 24551 23596 20291 25300
1236 20047 20314 20314 23087
1237 24551 20355 22957 24016
1238 20047 25098 23727 24755
1239 23482 24630 25097
1240 24810 20142 20314 24015
1241 24952 25340 24943 25287
1242 25287 25282 24627
1243 24225 23796 24227
1244 25291 24917 23596 24917
1245 23989 24547 25272 20224
1246 24518 25039 24514
1247 25285 24192 23488 23488
1248 25335 22550 24514
1249 25217 23488 23488
1250 24664 25108 23237 25108
1251 24927 24894 24607 23506
1252 24198 23775 24894
1253 25148 23488 23609
1254 22835 24987 24650 25039
1255 23277 23775 24894 25269
1256 24519 25148 25148
1257 20048 25269 24239 25218
1258 24953 24894 24607 23798
1259 20304 24894 24417
1260 25101 21933 24627 24015
1261 22995 24953 20300 24107
1262 25287 25216 25270 23479
1263 23011 25147 24321
1264 23796 24987 24038
1265 23775 23782 24000
1266 25329 25224 25273 25099
1267 24963 20301 25144 24760
1268 20967 23943 23943 24107
1269 24098 25234 25236 25236
1270 25325 20874 24894 25287
1271 25282 24927 24927 25113
1272 23011 23502 24670 25270
1273 21727 24016 20151 24016
1274 24894 25099 23798 25270
1275 24192 23773 20668 23319
1276 24894 24918 20314 20291
1277 25101 24953 25349 25349
1278 24953 25322 25313 25224
1279 25328 24288 25101 25300
1280 25171 24369 25108 23315
1281 24671 25318 24953 25098
1282 20428 24943 24936
1283 24936 23943 25305
1284 25228 23518 24987
1285 23444 25291 24000 24000
1286 23518 24927 24926 23237
1287 25286 25112 24987 23479
1288 22995 20299 25000 23207
1289 24630 24917 25133
1290 24552 23500 23500 20874
1291 24665 21369
1292 24554 20300 25099 25267
1293 24671 20225 23232 23747
1294 22963 24690 25318
1295 21727 24671 24670 24670
1296 24663 24684 23488
1297 24663 23488 23513 23871
1298 24663 24683 23488 23488
1299 24663 23112 23512 23500
1300 24663 24239 25113 25113
1301 24663 23871 23512 23512
1302 23480 22963 24928 24928
1303 22963 24663 25305
1304 22963 24663 24690 24690
1305 22963 24198 23871 24673
1306 22963 24663 23315 21304
1307 20967 24663 21727 25269
1308 24663 24684 23512 23512
1309 24684 24663 23821 20663
1310 25216 20178 21727 20301
1311 24684 23765 23765 23727
1312 24663 23482 21369 25347
1313 25106 20099 20428 23319
1314 22963 24943 20230 20230
1315 24663 23989 20226 20226
1316 24554 24671 24671 25334
1317 20047 25357 25313 25098
1318 20178 24546 25096 25096
1319 24690
1320 25318 23512 25039 23530
1321 22963 25318 24673 25318
1322 25288 25330 24690 23628
1323 25318 23513 23871
1324 25318 23112
1325 24518 23765 23765 24926
1326 20226 24690 25318 20663
1327 23502 25096 24474
1328 24341 23775 23702 20874
1329 23276 24401 22550
1330 24664 25291 23530
1331 23512 24691 23530 23530
1332 22993 23702 24034 25038
1333 25184 25345 23513
1334 22834 25322 25282 25284
1335 25181 22834 23512 22509
1336 25184 24369 25361 22460
1337 20126 20304 20097 20097
1338 24321 23315 23943
1339 23747 24521 23462 24034
1340 20178 25147 24521 25313
1341 24519 23502
1342 20428 23796 22755 20227
1343 25184 24684 24673 24369
1344 25184 24673 23482
1345 20301 24670 20227
1346 23286 23871 24673 23287
1347 24964 24760 20126 24026
1348 25184 24691 23782 23782
1349 25184 24475 20663
1350 23011 20047 24015 24015
1351 24124 23482 25279 21304
1352 20552 24645 24645
1353 22827 25000 24356 24356
1354 20967 21727 25271
1355 20967 23286 21727 24015
1356 23989 20258
1357 25270 24917 25133 20301
1358 20178 25270 25099 21304
1359 20303 24990 25096 23797
1360 25184 20178 23479 24490
1361 23319 24943 24913 24913
1362 24813 24466 23315 24466
1363 25184 25148 25148 25271
1364 20967 23727 20314
1365 25184 21727 23821 22724
1366 25184 20552 23765 24671
1367 25184 20047 24669 23287
1368 25184 25221 25221 23087
1369 25181 25318 25318
1370 21727 20225 25318 25318
1371 25291 20428 20099 25318
1372 20304 25318 23513 23513
1373 24669 25269 20097 25332
1374 25316 25315 24476 24476
1375 24518 23518 20994 20994
1376 24963 20988 23943 25108
1377 25175 25097 23500 25290
1378 25326 24288 24288
1379 24221 23796 25350 25266
1380 24295 23482 25347 25267
1381 20381 24321 25266 21304
1382 24353 24115 23798 25266
1383 23773 24918 25267 25267
1384 22997 23462 23798 23798
1385 22963 23775 24670 25351
1386 20486 25325 23488 25268
1387 23446 25336 25358 23937
1388 25268 24928 24247 25357
1389 25269 25268 20169 20169
1390 20967 25271 25349 25349
1391 24519 25100 25284 25223
1392 24474 25133 23207 25268
1393 24810 22537 25268 25113
1394 24474 25313
1395 22835 25269 25347 25269
1396 25217 25284 22835 23488
1397 22994 23796 25113 23821
1398 22834 25282 23234 25269
1399 24518 25325 25269 25334
1400 25121 25282 25287 24034
1401 20381 23773 25332 20151
1402 20259 25113 25113 23798
1403 25345 23854 23534 23854
1404 24239 25348 24200 25218
1405 24341 22755 20126
1406 20046 22827 25305
1407 25270 23727 23727 23751
1408 25321 23773 20151 20046
1409 20259 25270 25098 23087
1410 24669 23850 20994 20994
1411 20259 24650 24000 23765
1412 23011 20047 24369 24369
1413 24295 24927 23500 23234
1414 24295 23775 22537
1415 23844 23482 23482 25293
1416 20988 24239 24239 25292
1417 24691 20047 25148
1418 24295 25305 25304 25304
1419 24124 20047 23500 25271
1420 24295 25321 24417 24417
1421 22963 20047 24521 23512
1422 23286 24669 25271
1423 25221 24943 25106 25106
1424 20047 24670 24607 25271
1425 20047 25147 23237 20048
1426 23011 20047 25221 25108
1427 24295 23796 23796 24041
1428 24295 22835 20302 25347
1429 20259 25287 24627 24833
1430 20303 23482 23192
1431 20048 25222 24833 20355
1432 24630 22536 22536 25079
1433 24943 20178 24368
1434 24810 24670
1435 24630 21933 23609 24490
1436 24813 24669 24607
1437 24107 25321 25099 25144
1438 24554 20047 22536
1439 20259 25098 23087
1440 20302 23286 23287
1441 20967 25271 25271 25171
1442 20967 25147 24990 25271
1443 23481 20048 24607 21037
1444 20304 25101 25282 24417
1445 24519 20048 20291 25133
1446 20967 25347 20301 24913
1447 20967 25271 24986
1448 20967 25148 20988
1449 20967 23482 25290 23609
1450 20967 25347 25347 25347
1451 24295 20226 23821 24913
1452 20967 25148 25148
1453 22834 25111 24038 25111
1454 20048 23482 24368 24198
1455 24665 25097 23192 25079
1456 23989 20178
1457 24669 20048 25039 23237
1458 25321 24918 24234 20048
1459 24554 24918 20048 24552
1460 24518 25100 25148 25148
1461 24975 24192 25300
1462 20967 24691 21037 21037
1463 24519 23796 23796 25039
1464 20967 25100 24927 24927
1465 24602 25216 25321 25112
1466 24295 22993 25350 25350
1467 24295 20259 25171 24369
1468 24295 23727 20126 23500
1469 23011 20314 20314 25305
1470 24553 24321 23237
1471 23989 24555 24555 20151
1472 25305 25108 23500 25108
1473 23322 23943 25097 24107
1474 20259 24555 25097
1475 24475 24943 23500 20994
1476 23775 24555 23500 25106
1477 20126 25305 25287
1478 22834 25322 25111 24417
1479 23285 22834 24650
1480 20174 25325 24347
1481 24518 25293 25293 25292
1482 24225 22994 22994 22995
1483 24401 23276 22550 24448
1484 25322 25325 25112
1485 24671 20228
1486 24519 25282 24943 25271
1487 24124 22834 23482 24369
1488 25100 21037 24071 24071
1489 25325 25279 23192 25347
1490 25148 22835 23488
1491 24777 25343 25039
1492 22835 25217 21037 23488
1493 22835 24239 25347 23488
1494 25217 22835 23502
1495 22835 23488 23488 23488
1496 22835 25347 25351 23488
1497 22835 23462 23488
1498 25101 25284 23482 23488
1499 25216 25340 25288 25326
1500 25147 25316 24474 23757
1501 23444 24192 20099 25079
1502 24519 23480 23480
1503 25286 20299 20300 25332
1504 23011 24760 23488 24198
1505 24665 23798
1506 23287 23500 23500
1507 24124 24474 24474 24558
1508 23286 25148 25171 25171
1509 24669 23286 23287 23287
1510 25181 24673 23192 25351
1511 23286 24417 25224 24417
1512 24813 20178 25079 24670
1513 23286 23530 25079
1514 23462 25216 22994 25306
1515 24990 24225 23479 24332
1516 20225 24986 24645 24645
1517 24665 25270 25270 24015
1518 25270 25097 23500 23609
1519 24691 25148 24198 23480
1520 23480 24288 24288 24107
1521 23480 20304 25347 25347
1522 24963 25271 23480
1523 25223 24558 23821 25223
1524 20174 24321 25290 25290
1525 25100 25328 23482 24926
1526 24063 24107 24928
1527 23482 25148 23530
1528 25284 24474 23488
1529 20174 25280 23488 23488
1530 25147 20303 23488 23488
1531 24608 23488
1532 22963 22827 24936 23488
1533 23488 23512 23512 25290
1534 25181 23751 24607 23488
1535 25181 25271
1536 23815 24198 24650 23488
1537 24670 25271 24198 23488
1538 25181 23513 23514 20192
1539 25096 23488 23354
1540 20174 24347 25347 23488
1541 25039 25147 23488
1542 25147 24521 23513 23513
1543 21727 25099 25099 20142
1544 25325 25270 24119 24777
1545 25285 20302 24119 24107
1546 24124 24607 24015 25046
1547 20300 24669 22997 20663
1548 24553 24000 23232 24608
1549 24015 23797 23797 21037
1550 25293 24932 24958
1551 24518 25108 24474 25108
1552 23462 24928 24926 24926
1553 24518 23462 22279 22279
1554 20988 25279 24926 23797
1555 20178 24474 20230 25046
1556 23279 24476 24476
1557 20428 23796
1558 25321 25099 25098
1559 25133 24650 25348
1560 21933 25100 24927 25313
1561 25293 24239 23530 24015
1562 25325 24321 24990 25285
1563 21369 24928 24926 24608
1564 25329 24521 25144 25144
1565 24602 22993 22755 24521
1566 25148 25313 25291 25271
1567 25290 25300 25148
1568 25325 25100 25112 25351
1569 24918 23506 24200 25287
1570 24192 24607 24607 25222
1571 24665 20300 23534 24913
1572 25108 20097 25270 23534
1573 25099 24475 23087 23087
1574 25270 22827 22827
1575 25100 25321 25112 25313
1576 24369 22509
1577 24928 24820 25302 22509
1578 24225 25000 25218
1579 24952 24650 22737 25326
1580 23445 23937
1581 25357 24000 20169 20169
1582 24943 25326 24000 25326
1583 24602 22993 25218 25212
1584 25286 25101 24000 24417
1585 23727 25098 25218 25218
1586 20259 24000 23234 24000
1587 24353 24098 24200 24000
1588 23775 25099 21369 24000
1589 24554 25342 20874 25305
1590 22963 24691 24673 24673
1591 20303 24200 23192 23192
1592 25337 25218 24986 22826
1593 25145 24964 24200 20302
1594 20302 20258 23506 20663
1595 25228 25291 24650 24417
1596 25322 25313 24200 25218
1597 25321 25282 25348 25348
1598 23285 25218 24917 25218
1599 23285 22550 24401 24401
1600 23773 25293 25290 23757
1601 25293 24691 24958 24958
1602 20381 24786 23751 23751
1603 24664 23796 24650 25218
1604 25315 24502 23757 25228
1605 24990 23535 24356
1606 24975 24932 25218
1607 24602 25218 23854 23797
1608 25218 20305 22995 20663
1609 24353 23727 23850 24041
1610 24963 24917 24917
1611 25304 22455 25219 25133
1612 25038 25313 24683 25285
1613 25291 23530 23530
1614 24227 25339 24347 22536
1615 22537 23192 24347 20097
1616 20303 25222 24833 23087
1617 23792 20428 23234 23234
1618 24602 20099 20099
1619 24554 20099 20428 25098
1620 25321 23502 25332 20663
1621 22994 24221 24038 22755
1622 24502 24225 24227 25350
1623 23518 24234 24038 24038
1624 24225 23796 22755 23207
1625 23727 23798 23798 20663
1626 23796 24239 20663 23207
1627 24928 25101 24038 25285
1628 25328 25349 22994 22994
1629 24341 23796 22993 20663
1630 22993 20126 23727 25279
1631 22994 22993 23796 20663
1632 23796 23797 25220 25279
1633 24247 24820 24926 23506
1634 23815 22994 22994 23844
1635 22994 25171 23796 20663
1636 24341 20258 20126 25290
1637 23773 25350 22957 25287
1638 20988 22997 24239 22314
1639 24192 24932 23844
1640 23462 24691 20188 20188
1641 24332 23462 24332 24332
1642 23773 24192 23751 24833
1643 24928 24918 23821 24928
1644 25339 25343 24913 23790
1645 20303 24833 24833 23790
1646 23792 24221 23796 23112
1647 25322 23530 25112 24777
1648 24341 24225 24474 23751
1649 23792 23796 25351 23751
1650 23792 23319 24928 24928
1651 23792 24417 20874 23751
1652 23792 20304 25144 24608
1653 23792 25113 23821 25108
1654 23727 25285 25133
1655 24669 20552 20225
1656 25302 23796 23821 24478
1657 24038 24927 23319 25350
1658 23797 23773 25305 23087
1659 25100 25313 23798 23798
1660 24812 25305 23798 23234
1661 25225 23815 25113 21037
1662 24630 24015 24671 20355
1663 25325 24034 25112 24755
1664 24221 25133 25358 24917
1665 25106 24221 24417
1666 24785 21037 23937 23937
1667 25290 24227 24227 25290
1668 24192 23773 20663 24107
1669 25316 25112 25112 23821
1670 25224 24015
1671 25316 25325 25290
1672 24321 24288 24347 23628
1673 20174 24347 25329 25329
1674 24664 24476 24321 25306
1675 24602 23757 24332
1676 25325 25101 25108
1677 25101 20994 25106 24777
1678 24546 23502 24913
1679 25291 25322 25284 23844
1680 25322 25100 25101 25112
1681 25284 25111 23234 20874
1682 25284 25108 25313 25285
1683 24417 20299 24645 24645
1684 24975 25145 24913 25273
1685 24760 25340 24932 25288
1686 24665 20301 24760 24913
1687 25234 25334 25306 25306
1688 20178 25272 20230 20230
1689 23775 24760 25272 25144
1690 24964 24760 20291 21786
1691 24760 24943 25349 25349
1692 24760 24368 23232 25133
1693 24963 25322 25334
1694 23530 24239 25092
1695 24932 23530 25185
1696 24063 20291 25111 20169
1697 25223 25313 25145 25329
1698 24474 25273 24952 23628
1699 24669 20258 20314 24115
1700 25039 25285
1701 20381 23775 24607
1702 24927 25098 25098 24926
1703 23773 20299 20299
1704 25039 25291 24607 24016
1705 20381 21866
1706 23322 24813 22536 23315
1707 25321 20228 20994 23112
1708 25361 20994 23500 25332
1709 25321 25284 25097
1710 25099 23943 22455 25290
1711 25321 23943 22455 25329
1712 23943 20258 20314 23234
1713 25322 24369
1714 25282 21037
1715 25302 24932 24071 24071
1716 24928 24926 24474 24071
1717 23518 24926 25361 24927
1718 25224 25100 24368 24368
1719 20174 25304 24368 24368
1720 23775 23773 24986 23237
1721 25286 25322 25112
1722 23500 25112 25111 24329
1723 25100 25325 24417 25112
1724 24474 23512 25353
1725 25302 24926 24917 24417
1726 25098 25221 25108 21786
1727 25328 24917 25349
1728 20486 24353 25228 25228
1729 25287 24927 24926
1730 24918 24208 20874 20226
1731 24918 23609 23609 23315
1732 24918 24927 22536 20291
1733 24777 24015 24115 20663
1734 20259 24986 25287 23234
1735 20381 23445 24927 24927
1736 24952 23237 25326 25326
1737 23773 24192 22826 22826
1738 25313 24417 25108 23237
1739 23237 20178 21727
1740 23773 25079 25079 25292
1741 25100 24417 24926 24926
1742 23506 24353 25096 25096
1743 25325 23506 25302 24288
1744 24932 25313 25284 25284
1745 24063 25100 25101 24063
1746 25302 23518 24990 23506
1747 25108 22827 24926
1748 24015 20227 20225 21304
1749 25357 24207 20291 20291
1750 22963 24684 24490
1751 24664 24490 25099 25121
1752 20225 24645 25096 25096
1753 24928 23535 24820
1754 24474 25113 25284 25112
1755 25097 20259 23087 23087
1756 24932 25100 25106
1757 25100 25322 25112
1758 24192 23775 23530 23844
1759 23775 24932 24932
1760 25098 22536 25321 25079
1761 24547 22536 22537 25079
1762 25101 25099 25108
1763 24664 25343 25337
1764 23322 25326 25340 25288
1765 23277 23773 25101 25221
1766 20178 20305 20227 20226
1767 20178 24607 20227 20227
1768 24474 23514 24260 24260
1769 24684 24691 20230 20230
1770 24975 25337 25337 23512
1771 25181 25282 24673 24673
1772 24786 25339 25343 25341
1773 23854 23446 25343 25336
1774 24192 25336
1775 25343 25325 25313 24417
1776 23278 24401 25340
1777 25286 25106 23850 23850
1778 23276 25279 22550 25279
1779 25223 25112
1780 23775 20874 24016 20874
1781 20304 22957 24608 24016
1782 23535 24321 25290 24016
1783 24417 25098 22957 22957
1784 24786 25291 22537 23535
1785 25291 23530 23530 23535
1786 20228 20230 20230 20228
1787 20381 23775
1788 20303 25121 24321 20305
1789 20303 25099 24627
1790 23782 25224 25113 25108
1791 25315 25225 24777 24990
1792 25286 25100 24777 24777
1793 25284 23757 23751 25223
1794 25282 25097 25099 23844
1795 25101 25284
1796 20381 25100 25111 25112
1797 25101 25325 24950
1798 25101 24321 25315 24476
1799 25224 25325 25106 25106
1800 20303 25282 25112
1801 25284 23850
1802 25286 25315 23192
1803 20381 23773 24107 23751
1804 20381 24192 24239
1805 24785 22550
1806 23781 22550 23781
1807 24974 22550 24943 24990
1808 23781 20304
1809 23285 23781
1810 25293 25316 25315 22552
1811 24952 24356 24356 24356
1812 24239
